# Fraction outside: 0 - 0
2.500000000000e-02 0.000000000000e+00 5.000000000000e-02
7.500000000000e-02 0.000000000000e+00 5.000000000000e-02
1.250000000000e-01 0.000000000000e+00 5.000000000000e-02
1.750000000000e-01 0.000000000000e+00 5.000000000000e-02
2.250000000000e-01 0.000000000000e+00 5.000000000000e-02
2.750000000000e-01 0.000000000000e+00 5.000000000000e-02
3.250000000000e-01 0.000000000000e+00 5.000000000000e-02
3.750000000000e-01 0.000000000000e+00 5.000000000000e-02
4.250000000000e-01 0.000000000000e+00 5.000000000000e-02
4.750000000000e-01 0.000000000000e+00 5.000000000000e-02
5.250000000000e-01 0.000000000000e+00 5.000000000000e-02
5.750000000000e-01 0.000000000000e+00 5.000000000000e-02
6.250000000000e-01 0.000000000000e+00 5.000000000000e-02
6.750000000000e-01 0.000000000000e+00 5.000000000000e-02
7.250000000000e-01 1.819590565016e-07 5.000000000000e-02
7.750000000000e-01 1.411363760654e-06 5.000000000000e-02
8.250000000000e-01 2.090493955078e-06 5.000000000000e-02
8.750000000000e-01 2.648942021157e-06 5.000000000000e-02
9.250000000000e-01 2.449520752898e-06 5.000000000000e-02
9.750000000000e-01 3.213959931927e-06 5.000000000000e-02
1.025000000000e+00 8.252091576449e-06 5.000000000000e-02
1.075000000000e+00 8.331921585062e-06 5.000000000000e-02
1.125000000000e+00 1.158281672106e-05 5.000000000000e-02
1.175000000000e+00 1.262827407078e-05 5.000000000000e-02
1.225000000000e+00 2.166815427911e-05 5.000000000000e-02
1.275000000000e+00 3.021869542333e-05 5.000000000000e-02
1.325000000000e+00 3.741189546876e-05 5.000000000000e-02
1.375000000000e+00 3.503380738992e-05 5.000000000000e-02
1.425000000000e+00 4.023193061945e-05 5.000000000000e-02
1.475000000000e+00 4.641357078279e-05 5.000000000000e-02
1.525000000000e+00 5.005464870371e-05 5.000000000000e-02
1.575000000000e+00 6.017788067831e-05 5.000000000000e-02
1.625000000000e+00 7.960063432782e-05 5.000000000000e-02
1.675000000000e+00 8.941979603583e-05 5.000000000000e-02
1.725000000000e+00 1.012332851711e-04 5.000000000000e-02
1.775000000000e+00 1.076370973952e-04 5.000000000000e-02
1.825000000000e+00 1.409030753367e-04 5.000000000000e-02
1.875000000000e+00 1.434801991237e-04 5.000000000000e-02
1.925000000000e+00 1.769827202012e-04 5.000000000000e-02
1.975000000000e+00 1.987777290676e-04 5.000000000000e-02
2.025000000000e+00 2.195279581343e-04 5.000000000000e-02
2.075000000000e+00 2.452665129083e-04 5.000000000000e-02
2.125000000000e+00 2.718064747056e-04 5.000000000000e-02
2.175000000000e+00 2.987471849566e-04 5.000000000000e-02
2.225000000000e+00 3.199039916021e-04 5.000000000000e-02
2.275000000000e+00 3.256427198890e-04 5.000000000000e-02
2.325000000000e+00 3.894084050995e-04 5.000000000000e-02
2.375000000000e+00 3.996353640904e-04 5.000000000000e-02
2.425000000000e+00 4.236935650122e-04 5.000000000000e-02
2.475000000000e+00 4.578062588512e-04 5.000000000000e-02
2.525000000000e+00 4.961789062339e-04 5.000000000000e-02
2.575000000000e+00 5.047202437440e-04 5.000000000000e-02
2.625000000000e+00 5.350465225689e-04 5.000000000000e-02
2.675000000000e+00 5.649990889290e-04 5.000000000000e-02
2.725000000000e+00 6.729898044249e-04 5.000000000000e-02
2.775000000000e+00 7.559865213221e-04 5.000000000000e-02
2.825000000000e+00 8.081563727870e-04 5.000000000000e-02
2.875000000000e+00 8.648508337520e-04 5.000000000000e-02
2.925000000000e+00 9.452344577269e-04 5.000000000000e-02
2.975000000000e+00 1.044489370184e-03 5.000000000000e-02
3.025000000000e+00 1.174094719232e-03 5.000000000000e-02
3.075000000000e+00 1.345094748308e-03 5.000000000000e-02
3.125000000000e+00 1.437119340030e-03 5.000000000000e-02
3.175000000000e+00 1.503628974539e-03 5.000000000000e-02
3.225000000000e+00 1.704372119935e-03 5.000000000000e-02
3.275000000000e+00 1.892006429981e-03 5.000000000000e-02
3.325000000000e+00 2.040228450760e-03 5.000000000000e-02
3.375000000000e+00 2.136311000767e-03 5.000000000000e-02
3.425000000000e+00 2.394839084472e-03 5.000000000000e-02
3.475000000000e+00 2.733495556474e-03 5.000000000000e-02
3.525000000000e+00 2.901347735403e-03 5.000000000000e-02
3.575000000000e+00 3.108940722259e-03 5.000000000000e-02
3.625000000000e+00 3.541387344178e-03 5.000000000000e-02
3.675000000000e+00 3.828658006187e-03 5.000000000000e-02
3.725000000000e+00 4.102083295616e-03 5.000000000000e-02
3.775000000000e+00 4.405269988665e-03 5.000000000000e-02
3.825000000000e+00 4.703145313266e-03 5.000000000000e-02
3.875000000000e+00 5.111157567573e-03 5.000000000000e-02
3.925000000000e+00 5.512158533373e-03 5.000000000000e-02
3.975000000000e+00 5.921384725131e-03 5.000000000000e-02
4.025000000000e+00 6.479123539986e-03 5.000000000000e-02
4.075000000000e+00 7.138884408965e-03 5.000000000000e-02
4.125000000000e+00 7.687125490754e-03 5.000000000000e-02
4.175000000000e+00 8.339326501635e-03 5.000000000000e-02
4.225000000000e+00 8.796978675562e-03 5.000000000000e-02
4.275000000000e+00 9.456349988639e-03 5.000000000000e-02
4.325000000000e+00 1.023723208385e-02 5.000000000000e-02
4.375000000000e+00 1.109807377196e-02 5.000000000000e-02
4.425000000000e+00 1.206414406567e-02 5.000000000000e-02
4.475000000000e+00 1.287523940585e-02 5.000000000000e-02
4.525000000000e+00 1.386760887212e-02 5.000000000000e-02
4.575000000000e+00 1.500296510068e-02 5.000000000000e-02
4.625000000000e+00 1.634702500740e-02 5.000000000000e-02
4.675000000000e+00 1.752831558420e-02 5.000000000000e-02
4.725000000000e+00 1.875870859486e-02 5.000000000000e-02
4.775000000000e+00 2.020664192827e-02 5.000000000000e-02
4.825000000000e+00 2.157477458045e-02 5.000000000000e-02
4.875000000000e+00 2.325534553721e-02 5.000000000000e-02
4.925000000000e+00 2.497185486934e-02 5.000000000000e-02
4.975000000000e+00 2.689385374132e-02 5.000000000000e-02
5.025000000000e+00 2.889055409536e-02 5.000000000000e-02
5.075000000000e+00 3.085378665106e-02 5.000000000000e-02
5.125000000000e+00 3.311435770468e-02 5.000000000000e-02
5.175000000000e+00 3.551323465791e-02 5.000000000000e-02
5.225000000000e+00 3.786742073153e-02 5.000000000000e-02
5.275000000000e+00 4.076636554902e-02 5.000000000000e-02
5.325000000000e+00 4.384520237796e-02 5.000000000000e-02
5.375000000000e+00 4.638541958925e-02 5.000000000000e-02
5.425000000000e+00 4.996208817204e-02 5.000000000000e-02
5.475000000000e+00 5.310283212573e-02 5.000000000000e-02
5.525000000000e+00 5.702919861129e-02 5.000000000000e-02
5.575000000000e+00 6.072325302836e-02 5.000000000000e-02
5.625000000000e+00 6.463608128308e-02 5.000000000000e-02
5.675000000000e+00 6.869749201906e-02 5.000000000000e-02
5.725000000000e+00 7.320674442483e-02 5.000000000000e-02
5.775000000000e+00 7.792266695776e-02 5.000000000000e-02
5.825000000000e+00 8.251605779616e-02 5.000000000000e-02
5.875000000000e+00 8.751080842841e-02 5.000000000000e-02
5.925000000000e+00 9.241248758868e-02 5.000000000000e-02
5.975000000000e+00 9.774913697158e-02 5.000000000000e-02
6.025000000000e+00 1.032574080245e-01 5.000000000000e-02
6.075000000000e+00 1.087343535820e-01 5.000000000000e-02
6.125000000000e+00 1.145628958496e-01 5.000000000000e-02
6.175000000000e+00 1.202914542311e-01 5.000000000000e-02
6.225000000000e+00 1.264844207793e-01 5.000000000000e-02
6.275000000000e+00 1.324789581481e-01 5.000000000000e-02
6.325000000000e+00 1.385010262326e-01 5.000000000000e-02
6.375000000000e+00 1.450616584215e-01 5.000000000000e-02
6.425000000000e+00 1.515696501968e-01 5.000000000000e-02
6.475000000000e+00 1.579342710580e-01 5.000000000000e-02
6.525000000000e+00 1.633551824004e-01 5.000000000000e-02
6.575000000000e+00 1.694269060629e-01 5.000000000000e-02
6.625000000000e+00 1.752388998991e-01 5.000000000000e-02
6.675000000000e+00 1.808892203071e-01 5.000000000000e-02
6.725000000000e+00 1.868194861132e-01 5.000000000000e-02
6.775000000000e+00 1.931457424339e-01 5.000000000000e-02
6.825000000000e+00 1.985091366251e-01 5.000000000000e-02
6.875000000000e+00 2.036521000206e-01 5.000000000000e-02
6.925000000000e+00 2.083383856198e-01 5.000000000000e-02
6.975000000000e+00 2.139757472967e-01 5.000000000000e-02
7.025000000000e+00 2.184043577365e-01 5.000000000000e-02
7.075000000000e+00 2.219840570350e-01 5.000000000000e-02
7.125000000000e+00 2.262901462673e-01 5.000000000000e-02
7.175000000000e+00 2.292822719421e-01 5.000000000000e-02
7.225000000000e+00 2.328380997192e-01 5.000000000000e-02
7.275000000000e+00 2.372092845884e-01 5.000000000000e-02
7.325000000000e+00 2.398682781046e-01 5.000000000000e-02
7.375000000000e+00 2.430452217641e-01 5.000000000000e-02
7.425000000000e+00 2.445139668157e-01 5.000000000000e-02
7.475000000000e+00 2.463568084062e-01 5.000000000000e-02
7.525000000000e+00 2.486923969186e-01 5.000000000000e-02
7.575000000000e+00 2.501523894043e-01 5.000000000000e-02
7.625000000000e+00 2.512919412369e-01 5.000000000000e-02
7.675000000000e+00 2.529363981124e-01 5.000000000000e-02
7.725000000000e+00 2.548728954563e-01 5.000000000000e-02
7.775000000000e+00 2.563054102595e-01 5.000000000000e-02
7.825000000000e+00 2.564562834625e-01 5.000000000000e-02
7.875000000000e+00 2.572440210539e-01 5.000000000000e-02
7.925000000000e+00 2.598390762962e-01 5.000000000000e-02
7.975000000000e+00 2.601722353488e-01 5.000000000000e-02
8.025000000000e+00 2.621477189228e-01 5.000000000000e-02
8.075000000000e+00 2.635409420382e-01 5.000000000000e-02
8.125000000000e+00 2.645985397172e-01 5.000000000000e-02
8.175000000000e+00 2.660079051039e-01 5.000000000000e-02
8.225000000000e+00 2.678420699658e-01 5.000000000000e-02
8.275000000000e+00 2.689090758187e-01 5.000000000000e-02
8.325000000000e+00 2.705354596448e-01 5.000000000000e-02
8.375000000000e+00 2.722090373031e-01 5.000000000000e-02
8.425000000000e+00 2.736395230558e-01 5.000000000000e-02
8.475000000000e+00 2.745116401895e-01 5.000000000000e-02
8.525000000000e+00 2.764157338138e-01 5.000000000000e-02
8.575000000000e+00 2.778308663618e-01 5.000000000000e-02
8.625000000000e+00 2.786107341469e-01 5.000000000000e-02
8.675000000000e+00 2.793816895020e-01 5.000000000000e-02
8.725000000000e+00 2.789994290516e-01 5.000000000000e-02
8.775000000000e+00 2.792814601660e-01 5.000000000000e-02
8.825000000000e+00 2.790647783591e-01 5.000000000000e-02
8.875000000000e+00 2.782525041536e-01 5.000000000000e-02
8.925000000000e+00 2.765298445435e-01 5.000000000000e-02
8.975000000000e+00 2.738590870802e-01 5.000000000000e-02
9.025000000000e+00 2.716786725041e-01 5.000000000000e-02
9.075000000000e+00 2.678846204485e-01 5.000000000000e-02
9.125000000000e+00 2.643612561027e-01 5.000000000000e-02
9.175000000000e+00 2.590902399368e-01 5.000000000000e-02
9.225000000000e+00 2.532731159390e-01 5.000000000000e-02
9.275000000000e+00 2.465142514578e-01 5.000000000000e-02
9.325000000000e+00 2.396909946761e-01 5.000000000000e-02
9.375000000000e+00 2.330870974423e-01 5.000000000000e-02
9.425000000000e+00 2.244027446955e-01 5.000000000000e-02
9.475000000000e+00 2.154555855146e-01 5.000000000000e-02
9.525000000000e+00 2.068048152790e-01 5.000000000000e-02
9.575000000000e+00 1.966095241111e-01 5.000000000000e-02
9.625000000000e+00 1.869700421076e-01 5.000000000000e-02
9.675000000000e+00 1.769288482963e-01 5.000000000000e-02
9.725000000000e+00 1.665634011537e-01 5.000000000000e-02
9.775000000000e+00 1.563734599272e-01 5.000000000000e-02
9.825000000000e+00 1.458026074917e-01 5.000000000000e-02
9.875000000000e+00 1.346460395567e-01 5.000000000000e-02
9.925000000000e+00 1.242690671033e-01 5.000000000000e-02
9.975000000000e+00 1.144271173982e-01 5.000000000000e-02
1.002500000000e+01 1.049938277304e-01 5.000000000000e-02
1.007500000000e+01 9.512645693264e-02 5.000000000000e-02
1.012500000000e+01 8.517919464353e-02 5.000000000000e-02
1.017500000000e+01 7.738782981074e-02 5.000000000000e-02
1.022500000000e+01 6.907791870940e-02 5.000000000000e-02
1.027500000000e+01 6.105869118188e-02 5.000000000000e-02
1.032500000000e+01 5.379146432640e-02 5.000000000000e-02
1.037500000000e+01 4.684376349384e-02 5.000000000000e-02
1.042500000000e+01 4.078377048294e-02 5.000000000000e-02
1.047500000000e+01 3.569804885651e-02 5.000000000000e-02
1.052500000000e+01 3.056720432214e-02 5.000000000000e-02
1.057500000000e+01 2.610867915694e-02 5.000000000000e-02
1.062500000000e+01 2.197139483643e-02 5.000000000000e-02
1.067500000000e+01 1.853022318781e-02 5.000000000000e-02
1.072500000000e+01 1.541748059984e-02 5.000000000000e-02
1.077500000000e+01 1.283670340870e-02 5.000000000000e-02
1.082500000000e+01 1.052020740006e-02 5.000000000000e-02
1.087500000000e+01 8.656949000410e-03 5.000000000000e-02
1.092500000000e+01 6.807805122597e-03 5.000000000000e-02
1.097500000000e+01 5.323067517661e-03 5.000000000000e-02
1.102500000000e+01 4.299610586676e-03 5.000000000000e-02
1.107500000000e+01 3.324999185488e-03 5.000000000000e-02
1.112500000000e+01 2.560253825326e-03 5.000000000000e-02
1.117500000000e+01 1.980648801920e-03 5.000000000000e-02
1.122500000000e+01 1.535676136500e-03 5.000000000000e-02
1.127500000000e+01 1.140200345220e-03 5.000000000000e-02
1.132500000000e+01 8.016705054924e-04 5.000000000000e-02
1.137500000000e+01 5.849039218770e-04 5.000000000000e-02
1.142500000000e+01 4.489250446465e-04 5.000000000000e-02
1.147500000000e+01 3.113197865350e-04 5.000000000000e-02
1.152500000000e+01 2.105954481580e-04 5.000000000000e-02
1.157500000000e+01 1.377412048303e-04 5.000000000000e-02
1.162500000000e+01 9.960756258090e-05 5.000000000000e-02
1.167500000000e+01 6.867813909090e-05 5.000000000000e-02
1.172500000000e+01 4.019713487130e-05 5.000000000000e-02
1.177500000000e+01 1.691701808839e-05 5.000000000000e-02
1.182500000000e+01 1.283512972281e-05 5.000000000000e-02
1.187500000000e+01 7.905132069932e-06 5.000000000000e-02
1.192500000000e+01 4.838103704265e-06 5.000000000000e-02
1.197500000000e+01 5.640465469434e-06 5.000000000000e-02
1.202500000000e+01 2.690764425745e-06 5.000000000000e-02
1.207500000000e+01 1.379479802106e-06 5.000000000000e-02
1.212500000000e+01 4.910563156221e-07 5.000000000000e-02
1.217500000000e+01 0.000000000000e+00 5.000000000000e-02
1.222500000000e+01 0.000000000000e+00 5.000000000000e-02
1.227500000000e+01 0.000000000000e+00 5.000000000000e-02
1.232500000000e+01 0.000000000000e+00 5.000000000000e-02
1.237500000000e+01 0.000000000000e+00 5.000000000000e-02
1.242500000000e+01 0.000000000000e+00 5.000000000000e-02
1.247500000000e+01 0.000000000000e+00 5.000000000000e-02
1.252500000000e+01 0.000000000000e+00 5.000000000000e-02
1.257500000000e+01 0.000000000000e+00 5.000000000000e-02
1.262500000000e+01 0.000000000000e+00 5.000000000000e-02
1.267500000000e+01 0.000000000000e+00 5.000000000000e-02
1.272500000000e+01 0.000000000000e+00 5.000000000000e-02
1.277500000000e+01 0.000000000000e+00 5.000000000000e-02
1.282500000000e+01 0.000000000000e+00 5.000000000000e-02
1.287500000000e+01 0.000000000000e+00 5.000000000000e-02
1.292500000000e+01 0.000000000000e+00 5.000000000000e-02
1.297500000000e+01 0.000000000000e+00 5.000000000000e-02
1.302500000000e+01 0.000000000000e+00 5.000000000000e-02
1.307500000000e+01 0.000000000000e+00 5.000000000000e-02
1.312500000000e+01 0.000000000000e+00 5.000000000000e-02
1.317500000000e+01 0.000000000000e+00 5.000000000000e-02
1.322500000000e+01 0.000000000000e+00 5.000000000000e-02
1.327500000000e+01 0.000000000000e+00 5.000000000000e-02
1.332500000000e+01 0.000000000000e+00 5.000000000000e-02
1.337500000000e+01 0.000000000000e+00 5.000000000000e-02
1.342500000000e+01 0.000000000000e+00 5.000000000000e-02
1.347500000000e+01 0.000000000000e+00 5.000000000000e-02
1.352500000000e+01 0.000000000000e+00 5.000000000000e-02
1.357500000000e+01 0.000000000000e+00 5.000000000000e-02
1.362500000000e+01 0.000000000000e+00 5.000000000000e-02
1.367500000000e+01 0.000000000000e+00 5.000000000000e-02
1.372500000000e+01 0.000000000000e+00 5.000000000000e-02
1.377500000000e+01 0.000000000000e+00 5.000000000000e-02
1.382500000000e+01 0.000000000000e+00 5.000000000000e-02
1.387500000000e+01 0.000000000000e+00 5.000000000000e-02
1.392500000000e+01 0.000000000000e+00 5.000000000000e-02
1.397500000000e+01 0.000000000000e+00 5.000000000000e-02
1.402500000000e+01 0.000000000000e+00 5.000000000000e-02
1.407500000000e+01 0.000000000000e+00 5.000000000000e-02
1.412500000000e+01 0.000000000000e+00 5.000000000000e-02
1.417500000000e+01 0.000000000000e+00 5.000000000000e-02
1.422500000000e+01 0.000000000000e+00 5.000000000000e-02
1.427500000000e+01 0.000000000000e+00 5.000000000000e-02
1.432500000000e+01 0.000000000000e+00 5.000000000000e-02
1.437500000000e+01 0.000000000000e+00 5.000000000000e-02
1.442500000000e+01 0.000000000000e+00 5.000000000000e-02
1.447500000000e+01 0.000000000000e+00 5.000000000000e-02
1.452500000000e+01 0.000000000000e+00 5.000000000000e-02
1.457500000000e+01 0.000000000000e+00 5.000000000000e-02
1.462500000000e+01 0.000000000000e+00 5.000000000000e-02
1.467500000000e+01 0.000000000000e+00 5.000000000000e-02
1.472500000000e+01 0.000000000000e+00 5.000000000000e-02
1.477500000000e+01 0.000000000000e+00 5.000000000000e-02
1.482500000000e+01 0.000000000000e+00 5.000000000000e-02
1.487500000000e+01 0.000000000000e+00 5.000000000000e-02
1.492500000000e+01 0.000000000000e+00 5.000000000000e-02
1.497500000000e+01 0.000000000000e+00 5.000000000000e-02
