260.0  0.01555043251  4.0171819507E-6  -2.1663047064E-5  9.9918888536E-6  1.8351056826E-5  1.9217835582E-6  1.113794143E-5  2.7022914696E-6  1.008761723E-4  -7.0945797106E-6  8.9710501294E-6  1.8155140584E-5  -1.8648627791E-6  
259.3258  0.018749881165  5.3029039585E-6  -2.8768392867E-5  1.3306404901E-5  2.4040704199E-5  2.5194329843E-6  1.4801980077E-5  3.6027711792E-6  1.3134346295E-4  -9.4381475631E-6  1.1876919782E-5  2.3947769698E-5  -2.5510493566E-6  
258.655  0.022527363636  6.9744766673E-6  -3.807368453E-5  1.7663264521E-5  3.1385780922E-5  3.2892859956E-6  1.9603626415E-5  4.7858692383E-6  1.7041682078E-4  -1.25124418E-5  1.5675471116E-5  3.147738024E-5  -3.4778022343E-6  
257.9877  0.026969726385  9.1392282565E-6  -5.0216582611E-5  2.3371141577E-5  4.0833722184E-5  4.2764427306E-6  2.587351169E-5  6.3343511502E-6  2.2034351007E-4  -1.6530767535E-5  2.0625210424E-5  4.1228634679E-5  -4.7250384577E-6  
257.3238  0.03217329259  1.1931678262E-5  -6.6005783718E-5  3.082401489E-5  5.2942681719E-5  5.5363810329E-6  3.4031208238E-5  8.353297868E-6  2.8390401991E-4  -2.1764067029E-5  2.7054654597E-5  5.3810243041E-5  -6.3976523389E-6  
256.6634  0.038244211311  1.5519629646E-5  -8.6462745912E-5  4.0522890457E-5  6.840605254E-5  7.1369037547E-6  4.4607008433E-5  1.0975531334E-5  3.645238488E-4  -2.8555097692E-5  3.5379872991E-5  6.9983440566E-5  -8.6327884613E-6  
256.0063  0.045298679125  2.0111398434E-5  -1.1287241191E-4  5.3102522484E-5  8.808165716E-5  9.1603166763E-6  5.8268429164E-5  1.4368186873E-5  4.6640491447E-4  -3.7335700345E-5  4.6126031933E-5  9.0696099834E-5  -1.1609060157E-5  
255.3526  0.053463003808  2.5964330638E-5  -1.4684455261E-4  6.9364138955E-5  1.1302630737E-4  1.1705819689E-5  7.585230547E-5  1.8740627175E-5  5.9467910496E-4  -4.8647724965E-5  5.9953752681E-5  1.1712335649E-4  -1.5558181044E-5  
254.7022  0.062873478123  3.3394758249E-5  -1.9038756479E-4  9.0315342798E-5  1.4453649379E-4  1.4892073407E-5  9.840345424E-5  2.435391287E-5  7.5558658896E-4  -6.3168258248E-5  7.7691232737E-5  1.5071570572E-4  -2.0779574241E-5  
254.0551  0.073676031008  4.2789542044E-5  -2.459967746E-4  1.1721854301E-4  1.8419601996E-4  1.8859875849E-5  1.2722101215E-4  3.1532063513E-5  9.5668155073E-4  -8.1739878475E-5  1.0037323736E-4  1.9325559589E-4  -2.7658636879E-5  
253.4113  0.086025623641  5.4619336676E-5  -3.1675951795E-4  1.5164947129E-4  2.339314407E-4  2.3774847796E-5  1.6391367896E-4  4.0675358776E-5  0.0012070679894  -1.0540674653E-4  1.2928824398E-4  2.4692360124E-4  -3.6689467828E-5  
252.7708  0.10008535904  6.9453690599E-5  -4.0647948058E-4  1.9556755765E-4  2.9607619694E-4  2.9829979194E-5  2.104652247E-4  5.2275941145E-5  0.0015176681073  -1.354574254E-4  1.6603521774E-4  3.1437529052E-4  -4.8503015636E-5  
252.1334  0.11602527639  8.7978056969E-5  -5.1982297636E-4  2.5140017137E-4  3.7344435285E-4  3.7247830871E-5  2.6931174325E-4  6.6935986348E-5  0.0019015255815  -1.7347540146E-4  2.1259171127E-4  3.9882991535E-4  -6.3901772382E-5  
251.4993  0.13402080519  1.1101273863E-4  -6.6249000848E-4  3.2214297865E-4  4.6941483233E-4  4.6282113958E-5  3.4343224965E-4  8.5388703654E-5  0.002374145653  -2.2139835528E-4  2.7139521673E-4  5.0417201306E-4  -8.3902328021E-5  
250.8684  0.15425085956  1.3953371722E-4  -8.4141308041E-4  4.1147892066E-4  5.8802701396E-4  5.7218282035E-5  4.3645431877E-4  1.0852241222E-4  0.0029538734452  -2.8158729425E-4  3.4543995069E-4  6.3506694261E-4  -1.0978730889E-4  
250.2406  0.17689556022  1.7469521971E-4  -0.0010649867836  5.2391857062E-4  7.3408847006E-4  7.0372666348E-5  5.5277654042E-4  1.3740790847E-4  0.003662311224  -3.5690670781E-4  4.383915221E-4  7.9709124054E-4  -1.431684522E-4  
249.616  0.20213357993  2.1785375128E-4  -0.0013433311672  6.6496487732E-4  9.132955211E-4  8.6089561053E-5  6.9770961259E-4  1.7332928957E-4  0.0045247744144  -4.5081693375E-4  5.5472221614E-4  9.9687848341E-4  -1.8606281387E-4  
248.9944  0.23013911853  2.7059316814E-4  -0.0016885917676  8.4130553719E-4  0.0011323671137  1.0473552215E-4  8.7763790023E-4  2.1781832484E-4  0.0055707850625  -5.6747992348E-4  6.9986991871E-4  0.0012422810642  -2.4098436608E-4  
248.376  0.26107852502  3.3475017373E-4  -0.0021152789172  0.0010610364447  0.0013991923128  1.2668997993E-4  0.0011002032412  2.7269236729E-4  0.0068346000823  -7.1187955878E-4  8.8042400145E-4  0.0015425479204  -3.1105350953E-4  
247.7606  0.29510659703  4.1243939387E-4  -0.0026406485347  0.0013339198392  0.0017229914214  1.5233108051E-4  0.0013745126723  3.4009566495E-4  0.008355770024  -8.8995759376E-4  0.0011043417781  0.0019085177794  -4.0012729528E-4  
247.1483  0.33236260169  5.0607691903E-4  -0.0032851259938  0.001671680879  0.0021144903971  1.8201546872E-4  0.0017113715627  4.2254376438E-4  0.010179722259  -0.0011087661664  0.00138119942  0.0023528269069  -5.1295341456E-4  
246.539  0.37296607639  6.1840089329E-4  -0.004072773846  0.0020883464114  0.0025861078224  2.1605050367E-4  0.0021235433721  5.2297048977E-4  0.01235836039  -0.0013766376345  0.0017224814705  0.0028901296423  -6.5535125979E-4  
245.9327  0.41701248227  7.5248738099E-4  -0.005031803104  0.0026006296506  0.0031521532026  2.5465716517E-4  0.0026260368753  6.4477672855E-4  0.014950669409  -0.0017033722352  0.0021419133088  0.0035373291842  -8.3442357182E-4  
245.3293  0.46456879763  9.1175935587E-4  -0.0061951264475  0.0032283643045  0.0038290348074  2.9792166686E-4  0.0032364212121  7.918799546E-4  0.018023313598  -0.0021004437341  0.0026558410712  0.0043138151464  -0.0010588023503  
244.7289  0.5156691518  0.0010999862383  -0.0076009500766  0.0039949913758  0.0046354746498  3.4573355101E-4  0.0039751685141  9.6876307016E-4  0.021651211602  -0.0025812228195  0.0032836636162  0.0052417033397  -0.0013389327952  
244.1315  0.5703106115  0.001321270963  -0.0092933989821  0.0049281013825  0.005592727507  3.9770780665E-4  0.0048660231233  0.0011805207485  0.025918070316  -0.0031612174956  0.0040483211011  0.0063460720705  -0.0016873990458  
243.5369  0.62844924174  0.0015800211039  -0.011323168119  0.0060600340743  0.0067248001465  4.5308834251E-4  0.005936395543  0.0014329010111  0.030916856582  -0.0038583291457  0.0049768446  0.0076551879876  -0.0021192953573  
242.9452  0.6899965696  0.0018809001275  -0.013748189369  0.0074285368286  0.0080586661374  5.106299709E-4  0.0072177782532  0.0017323392782  0.036750183047  -0.0046931222544  0.0061009709012  0.0092007131894  -0.002652646086  
242.3565  0.7548165829  0.0022287544172  -0.016634301258  0.0090774817857  0.0096244708195  5.6845593706E-4  0.0087461793758  0.0020859816018  0.043530582112  -0.0056891050255  0.0074578261514  0.011017883956  -0.0033088773948  
241.7705  0.82272339477  0.0026285113247  -0.020055905189  0.011057640388  0.011455720195  6.2388797905E-4  0.010562568909  0.0025016932225  0.051380639863  -0.0068730172877  0.0090906813387  0.01314565014  -0.0041133429225  
241.1874  0.89347969993  0.0030850431957  -0.024096588525  0.013427512319  0.013589446722  6.7324594795E-4  0.012713330862  0.0029880480166  0.060432960238  -0.0082751211867  0.01104978168  0.015626762982  -0.005095904743  
240.6071  0.96679613856  0.003602992119  -0.028849691223  0.016254203889  0.016066344247  7.1161417997E-4  0.01525071316  0.0035542938137  0.070829928732  -0.0099294892074  0.013393250792  0.018507798  -0.0062915697355  
240.0295  1.0423316681  0.004186550093  -0.034418789045  0.019614348638  0.018930863689  7.3257211501E-4  0.018233265644  0.0042102880058  0.082723244712  -0.011874283103  0.016188069006  0.021839098655  -0.0077411799764  
239.4548  1.1196950237  0.0048391894383  -0.040918062701  0.023595060421  0.022231260542  7.2788712527E-4  0.021726254955  0.0049663973482  0.096273192173  -0.014152016337  0.019511123387  0.025674625867  -0.0094921539051  
238.8828  1.1984473219  0.0055633386527  -0.048472518752  0.028294906396  0.026019584909  6.8716817501E-4  0.025802043543  0.0058333554024  0.11164762053  -0.016809791719  0.023450324791  0.03007169817  -0.011599272802  
238.3135  1.2781058339  0.0063599995418  -0.057218024948  0.03382488431  0.030351604641  5.9747980096E-4  0.030540418575  0.0068220707265  0.12902061007  -0.019899505053  0.028105784753  0.035090607464  -0.014125504521  
237.7469  1.3581489205  0.0072283024199  -0.067301119969  0.040309385214  0.035286652208  4.4291699824E-4  0.036028855222  0.0079433787054  0.14857080097  -0.023478004903  0.033591042045  0.040794096034  -0.017142853462  
237.183  1.4380220847  0.0081649974938  -0.078878555556  0.047887119357  0.040887386313  2.0414293278E-4  0.042362697629  0.0092077298741  0.17047937055  -0.027607197991  0.040034325414  0.047246681832  -0.020733222422  
236.6218  1.5171450607  0.0091638822518  -0.092116527958  0.056711979562  0.047219459943  -1.421070191E-4  0.049645240031  0.010624807757  0.19492765039  -0.032354089424  0.047579835299  0.054513821031  -0.024989268306  
236.0632  1.5949198174  0.010215166812  -0.10718955567  0.066953812976  0.054351087542  -6.2354958186E-4  0.057987689955  0.012203069661  0.22209438365  -0.037790746831  0.05638902331  0.062660899633  -0.030015229734  
235.5072  1.6707393214  0.011304781746  -0.12427896185  0.078799068816  0.062352505412  -0.0012728988742  0.067508995293  0.013949204556  0.25215263255  -0.043994177745  0.066641843902  0.071752049452  -0.035927700384  
234.9539  1.7439968622  0.012413635892  -0.14357092288  0.092451286739  0.071295321185  -0.0021284230715  0.078335517414  0.015867503185  0.28526635716  -0.051046110136  0.078537948151  0.081848788158  -0.042856317616  
234.4032  1.8140957199  0.013516835073  -0.16525404909  0.10813138788  0.081251750346  -0.0032345004213  0.09060053335  0.017959136897  0.3215866986  -0.059032666981  0.092297784844  0.093008488186  -0.050944331635  
233.855  1.8804589223  0.014582876414  -0.18951647062  0.12607772861  0.092293740309  -0.0046421600949  0.10444355157  0.02022134339  0.36124801237  -0.068043927137  0.10816356942  0.10528268519  -0.060349016217  
233.3094  1.9425388254  0.015572837043  -0.21654240991  0.14654587569  0.10449198536  -0.0064095908253  0.12000942795  0.022646519643  0.40436371075  -0.078173366642  0.12640007672  0.11871524327  -0.071241878187  
232.7663  1.9998262392  0.016439580219  -0.24650823338  0.16980806136  0.11791483893  -0.008602597809  0.13744727136  0.025221224742  0.45102198627  -0.089517176788  0.14729520926  0.13334040114  -0.083808619395  
232.2258  2.0518588189  0.01712700635  -0.27957798747  0.19615227714  0.13262713309  -0.011294986041  0.15690913154  0.027925098109  0.50128150077  -0.10217345802  0.17116028886  0.14918073089  -0.098248802241  
231.6878  2.0982284553  0.017569380631  -0.31589843978  0.22588096753  0.14868891853  -0.014568846209  0.17854846626  0.030729701761  0.55516713612  -0.11624129174  0.19833001655  0.16624504847  -0.11477516801  
231.1522  2.138587412  0.017690773136  -0.35559366226  0.25930928763  0.16615414215  -0.018514717651  0.20251838912  0.033597298621  0.61266591292  -0.13181969554  0.2291620432  0.18452632233  -0.13361255659  
230.6191  2.1726529937  0.017404650806  -0.3987592123  0.29676289361  0.18506928283  -0.023231601757  0.22896970475  0.03647958256  0.67372319133  -0.14900647085  0.26403609255  0.20399963377  -0.15499637694  
230.0885  2.2002105664  0.016613663721  -0.44545598689  0.33857524119  0.20547196937  -0.028826798793  0.25804874381  0.03931637959  0.73823927372  -0.16789695601  0.30335257853  0.2246202487  -0.17917057997  
229.5603  2.2211148003  0.015209670098  -0.49570384545  0.38508437519  0.22738960789  -0.035415541464  0.2898950159  0.042034343493  0.80606653114  -0.18858270128  0.34753066091  0.24632186578  -0.20638508959  
229.0345  2.2352890636  0.013074045311  -0.54947511733  0.43662920266  0.2508380488  -0.043120399825  0.32463870518  0.044545672964  0.87700717453  -0.21115008622  0.39700568695  0.26901510973  -0.23689265402  
228.5112  2.2427229577  0.01007831972  -0.60668812959  0.49354525311  0.27582032556  -0.052070434489  0.36239803915  0.046746880975  0.95081178639  -0.23567890317  0.45222597309  0.29258634071  -0.27094508753  
227.9902  2.2434680491  0.0060851878997  -0.66720090957  0.55615994179  0.30232549933  -0.062400078448  0.40327656755  0.048517650433  1.0271787197  -0.26224093364  0.51364888856  0.31689685074  -0.30878888344  
227.4716  2.2376319225  9.4992785985E-4  -0.7308052325  0.62478736575  0.33032764419  -0.074247732475  0.44736039401  0.049719813143  1.1057544571  -0.29089854674  0.58173621378  0.3417825159  -0.35066019192  
226.9553  2.2253707417  -0.0054777372024  -0.79722119814  0.69972267691  0.35978500783  -0.087754064768  0.49471540812  0.050196491496  1.1861350071  -0.32170335068  0.65694875912  0.36705396856  -0.39677917102  
226.4414  2.2068805676  -0.01335131024  -0.86609252938  0.78123609195  0.3906393815  -0.10306001244  0.54538457062  0.049771444004  1.2678683896  -0.35469492906  0.73974024555  0.39249734623  -0.44734373651  
225.9298  2.1823877373  -0.022824710746  -0.93698279065  0.86956661432  0.42281571083  -0.12030449042  0.59938530761  0.04824865676  1.3504582422  -0.38989969348  0.83055046621  0.41787566393  -0.50252275481  
225.4205  2.1521386485  -0.034048982647  -1.0093727227  0.96491555922  0.4562219762  -0.13962182221  0.65670707272  0.045412222876  1.4333685459  -0.42732988283  0.92979776832  0.44293084426  -0.56244874355  
224.9135  2.1163893296  -0.047168532667  -1.0826588837  1.0674399875  0.49074936689  -0.16113891665  0.71730913743  0.04102655101  1.5160294417  -0.46698273717  1.0378709165  0.46738642401  -0.62721016599  
224.4088  2.0753951923  -0.06231692841  -1.156153772  1.177246168  0.52627276788  -0.18497222499  0.78111866986  0.03483694195  1.5978440754  -0.50883987032  1.1551204223  0.49095093924  -0.69684342688  
223.9063  2.0294013658  -0.079612303211  -1.2290875864  1.2943832004  0.56265157189  -0.21122452289  0.84802916132  0.026570569075  1.6781963761  -0.55286686078  1.2818494492  0.51332197127  -0.77132469985  
223.4061  1.978634002  -0.099152433567  -1.3006117501  1.4188369399  0.59973082162  -0.23998157244  0.91789925686  0.015937894096  1.7564596406  -0.5990130745  1.4183044266  0.53419081574  -0.85056173686  
222.9081  1.9232929115  -0.12100957427  -1.3698042928  1.5505243729  0.63734267915  -0.27130872895  0.99055204223  0.0026345439655  1.8320057665  -0.64721172628  1.5646655322  0.55324771557  -0.93438583023  
222.4123  1.863545845  -0.1452251555  -1.4356771394  1.6892885979  0.67530821051  -0.30524756628  1.0657748339  -0.013656331796  1.9042149482  -0.69738017891  1.7210372242  0.57018757762  -1.0225441147  
221.9187  1.7995246818  -0.17180446433  -1.4971853129  1.834894563  0.71343946409  -0.34181260216  1.1433195119  -0.033261211812  1.972485626  -0.74942047116  1.8874390267  0.58471607195  -1.1146924115  
221.4274  1.7313237139  -0.20071144993  -1.5532380027  1.9870257134  0.75154181198  -0.38098821103  1.2229034273  -0.05651285869  2.0362444599  -0.80322005712  2.0637967919  0.59655599392  -1.2103888257  
220.9381  1.6590001379  -0.23186380553  -1.6027113968  2.1452816885  0.78941651396  -0.42272581579  1.3042109067  -0.083746486529  2.0949560858  -0.85865273107  2.249934675  0.60545375209  -1.3090883152  
220.4511  1.5825767811  -0.26512849158  -1.6444631206  2.3091772024  0.82686345438  -0.46694145159  1.3868953665  -0.11529545674  2.1481324068  -0.91557970414  2.4455680714  0.6111858314  -1.4101384481  
219.9662  1.5020470018  -0.30031787081  -1.6773480678  2.4781422221  0.86368399412  -0.51351379373  1.4705820377  -0.1514865294  2.1953411721  -0.97385079154  2.6502977676  0.6135650709  -1.5127765608  
219.4834  1.4173816146  -0.3371866282  -1.7002353534  2.6515235378  0.89968387157  -0.56228273768  1.5548712941  -0.19263470803  2.2362136037  -1.0333056632  2.8636055594  0.61244658948  -1.6161285164  
219.0027  1.3285376108  -0.37542964529  -1.7120260733  2.8285877991  0.93467608096  -0.61304861257  1.6393425611  -0.23903772683  2.2704508492  -1.0937751053  3.0848515815  0.60773319227  -1.7192092445  
218.5241  1.2354683683  -0.41468098856  -1.7116715048  3.0085260613  0.96848365101  -0.66557209958  1.7235587753  -0.29097023944  2.2978290607  -1.1550822381  3.3132735761  0.5993800945  -1.8209252179  
218.0476  1.1381349811  -0.45451415631  -1.6981913538  3.1904598573  1.0009422444  -0.7195749137  1.8070713514  -0.34867777883  2.318202931  -1.2170436327  3.5479883112  0.58739880923  -1.9200789904  
217.5732  1.0365182899  -0.49444370573  -1.6706916248  3.3734487823  1.0319024973  -0.77474129225  1.8894256057  -0.41237056698  2.3315075554  -1.2794702716  3.7879953223  0.57186006005  -2.0153758795  
217.1009  0.9306311619  -0.53392835386  -1.628381678  3.5564995416  1.0612320211  -0.83072031553  1.9701665731  -0.48221726115  2.3377585278  -1.3421683012  4.0321831201  0.55289560002  -2.1054328376  
216.6306  0.82053055255  -0.57237561158  -1.5705900393  3.7385763856  1.0888169901  -0.88712906527  2.0488451485  -0.55833873054  2.3370502287  -1.4049395276  4.2793379604  0.53069884225  -2.1887895023  
216.1623  0.70632888481  -0.60914796977  -1.4967785417  3.9186128201  1.1145632479  -0.9435566057  2.1250244776  -0.64080196248  2.3295523077  -1.4675816183  4.5281552217  0.50552423615  -2.2639213663  
215.696  0.58820430583  -0.64357061312  -1.4065544054  4.0955244554  1.138396875  -0.99956875002  2.1982865119  -0.72961420045  2.3155044166  -1.5298879768  4.777253384  0.47768535504  -2.3292549526  
215.2318  0.46640942018  -0.674940589  -1.2996799085  4.2682228268  1.1602641685  -1.0547135532  2.2682386452  -0.82471741794  2.2952092961  -1.5916472746  5.0251905406  0.4475516944  -2.3831848212  
214.7695  0.3412781567  -0.70253730978  -1.1760793555  4.4356300017  1.1801310048  -1.1085274508  2.3345203402  -0.92598323088  2.2690243675  -1.6526426313  5.2704833143  0.41554421504  -2.4240921802  
214.3093  0.21323049775  -0.72563421653  -1.0358431214  4.5966937659  1.1979815676  -1.1605419438  2.3968096576  -1.0332083483  2.2373520249  -1.7126504513  5.5116279893  0.38212970048  -2.4503648166  
213.851  0.082774882447  -0.74351138372  -0.87922862888  4.7504031718  1.2138164482  -1.2102907108  2.4548295976  -1.1461106542  2.2006288618  -1.7714389382  5.7471236035  0.3478140311  -2.4604180136  
213.3946  -0.049491813283  -0.75546879818  -0.70665820237  4.8958042219  1.2276501399  -1.2573170151  2.5083541672  -1.264326006  2.159314099  -1.8287663211  5.9754966949  0.3131345093  -2.452716073  
212.9402  -0.18288672221  -0.76084000484  -0.51871384059  5.0320154596  1.2395079771  -1.3011812614  2.5572140909  -1.3874058218  2.113877506  -1.8843788421  6.1953273322  0.27865139725  -2.4257940216  
212.4877  -0.31664576366  -0.75900577667  -0.31612903967  5.1582432423  1.2494225846  -1.3414685485  2.6013020852  -1.5148155164  2.0647871248  -1.9380085639  6.40527602  0.2449388526  -2.3782790504  
212.0372  -0.44993056938  -0.74940743951  -0.099777897106  5.2737964807  1.2574299347  -1.3777960621  2.6405776266  -1.6459338263  2.0124971135  -1.9893710699  6.6041110214  0.21257546488  -2.3089112106  
211.5885  -0.58183728906  -0.73155946525  0.12933818587  5.3781006422  1.263565124  -1.4098201499  2.6750711472  -1.7800530492  1.9574360266  -2.0381631352  6.7907356133  0.18213460808  -2.2165628834  
211.1418  -0.71140693499  -0.70506093972  0.37010580423  5.4707108319  1.2678580086  -1.4372429276  2.7048876019  -1.916380196  1.8999958394  -2.0840604549  6.9642147665  0.15417482998  -2.1002565338  
210.6969  -0.83763686671  -0.66960551626  0.62131638387  5.5513237885  1.2703288551  -1.4598182718  2.7302093602  -2.0540390355  1.8405220031  -2.1267155189  7.1238007318  0.12923049841  -1.9591802778  
210.2539  -0.95949297512  -0.62498948237  0.88168402949  5.6197886515  1.2709841799  -1.4773570702  2.7512983855  -2.1920729843  1.7793047943  -2.165755722  7.2689570178  0.10780291685  -1.7927008125  
209.8128  -1.0759221021  -0.5711175952  1.1498638284  5.6761163824  1.2698129657  -1.4897316139  2.768497672  -2.3294487699  1.7165721851  -2.2007818002  7.3993802536  0.090352108576  -1.6003732983  
209.3735  -1.1858642277  -0.50800638141  1.4244700369  5.7204877441  1.2667834533  -1.496879035  2.7822319261  -2.4650607693  1.6524844207  -2.2313666733  7.5150194615  0.077289449001  -1.3819478313  
208.936  -1.2882639728  -0.43578464806  1.7040935805  5.753259767  1.2618407113  -1.4988037167  2.7930074812  -2.597735902  1.587130447  -2.257054774  7.6160922953  0.068971301583  -1.137372208  
208.5004  -1.3820809979  -0.35469101175  1.9873183274  5.7749706465  1.2549051896  -1.4955786214  2.8014114522  -2.7262389313  1.5205262794  -2.2773619284  7.7030978499  0.065693784421  -0.86679075615  
208.0666  -1.4662989325  -0.26506832225  2.2727356414  5.7863430347  1.2458724529  -1.487345507  2.8081101428  -2.84927801  1.4526153544  -2.2917758468  7.7768257028  0.067688762847  -0.57053909023  
207.6346  -1.5399325323  -0.16735493219  2.5589567902  5.7882856996  1.2346142852  -1.4743140229  2.813846727  -2.9655102862  1.3832708523  -2.2997572688  7.8383609103  0.075121129805  -0.24913474165  
207.2043  -1.6020328439  -0.062072844528  2.8446228723  5.7818935323  1.220981334  -1.4567596995  2.8194382379  -3.0735473766  1.3122999282  -2.3007417969  7.8890847549  0.088087401133  0.096736286309  
206.7759  -1.6516902417  0.050187148442  3.128412027  5.7684458816  1.2048074431  -1.4350208602  2.8257719032  -3.1719605047  1.2394497396  -2.2941424373  7.9306711092  0.10661561841  0.46623688525  
206.3492  -1.6880352954  0.16878313881  3.4090438074  5.7494031949  1.1859157916  -1.4094945046  2.833800874  -3.2592851037  1.1644151129  -2.2793528576  7.9650783634  0.13066651868  0.85839986915  
205.9243  -1.7102375218  0.29304231396  3.6852807194  5.7264019315  1.1641269227  -1.3806312225  2.8445393996  -3.334024688  1.0868476517  -2.2557513571  7.9945369365  0.16013589934  1.272152295  
205.5011  -1.717502166  0.42228335433  3.9559270523  5.7012477043  1.1392687032  -1.3489292071  2.8590575066  -3.3946538159  1.0063660549  -2.2227055368  8.0215324695  0.1948580781  1.7063426034  
205.0797  -1.7090652455  0.5558405993  4.2198252547  5.6759065869  1.1111882099  -1.3149274406  2.8784752428  -3.4396199878  0.92256738518  -2.1795776457  8.0487848702  0.23461032358  2.1597700081  
204.6599  -1.6841871659  0.69308950315  4.4758502223  5.6524945062  1.0797654872  -1.2791981301  2.9039565512  -3.4673443567  0.83503901221  -2.1257305754  8.0792234475  0.2791181119  2.6312154692  
204.2419  -1.6421452842  0.8334728532  4.7229019737  5.6332646201  1.0449290686  -1.2423384643  2.9367028379  -3.4762211714  0.7433709398  -2.0605344637  8.1159584344  0.32806104858  3.119473508  
203.8257  -1.5822258451  0.97652718457  4.9598972768  5.6205925636  1.0066730927  -1.2049617627  2.9779462994  -3.4646159198  0.64716823003  -1.9833738689  8.1622492551  0.38107928477  3.623384052  
203.411  -1.5037157498  1.1219087997  5.185760862  5.6169594287  0.96507579267  -1.167688076  3.0289430736  -3.4308622032  0.54606324126  -1.8936554666  8.2214699363  0.43778025017  4.1418634506  
202.9981  -1.4058946325  1.2694187874  5.3994168998  5.6249323373  0.92031907214  -1.1311342921  3.0909662751  -3.3732574307  0.43972741548  -1.7908162197  8.2970721022  0.49774552441  4.6739337733  
202.5869  -1.2880277197  1.4190264361  5.5997814449  5.647142458  0.87270882843  -1.0959037909  3.1652989741  -3.2900575014  0.3278823746  -1.6743319672  8.3925460227  0.56053767186  5.2187494905  
202.1773  -1.1493599238  1.5708904465  5.7857565408  5.6862603257  0.82269562391  -1.0625756823  3.2532271707  -3.1794707101  0.2103101185  -1.5437263715  8.5113802051  0.62570687258  5.7756206584  
201.7694  -0.98911158887  1.7253773723  5.9562266395  5.7449683352  0.77089525654  -1.0316936565  3.3560328158  -3.0396511945  0.086862157171  -1.3985801573  8.6570200312  0.69279719434  6.3440317668  
201.3631  -0.80647625093  1.8830767526  6.110057934  5.825930306  0.7181087328  -1.0037544703  3.4749869191  -2.868692315  -0.042532545448  -1.2385405652  8.8328259494  0.76135236589  6.9236554785  
200.9584  -0.600620711  2.044812441  6.2461011057  5.9317580503  0.66534110621  -0.97919609596  3.6113427829  -2.6646204318  -0.17786088877  -1.063330934  9.0420317262  0.83092093052  7.5143605857  
200.5554  -0.3706876409  2.2116496908  6.3631978788  6.0649749262  0.61381861234  -0.95838556145  3.7663293915  -2.4253896128  -0.31902023481  -0.87276030768  9.287703256  0.90106068065  8.1162136282  
200.154  -0.11580085847  2.3848976107  6.4601916388  6.2279764172  0.56500350908  -0.94160652603  3.9411449795  -2.1488778618  -0.4658142573  -0.66673294952  9.5726984113  0.97134229786  8.7294737655  
199.7541  0.16492668005  2.5661066752  6.5359422233  6.4229878496  0.52060601878  -0.92904665099  4.1369507974  -1.8328855042  -0.61794995689  -0.44525762259  9.8996284002  1.0413521487  9.3545806676  
199.3559  0.47238221224  2.7570610372  6.5893448319  6.65201944  0.48259277007  -0.92078485193  4.3548650848  -1.475136399  -0.77503571019  -0.20845647609  10.270821073  1.1106942136  9.9921353747  
198.9593  0.80743995424  2.9597654676  6.6193528357  6.9168189548  0.45319115066  -0.91677855106  4.5959572565  -1.0732826576  -0.93658017665  0.043426647797  10.688286595  1.1789911544  10.642874283  
198.5642  1.1709455467  3.1764268177  6.6250041025  7.2188223557  0.43488901072  -0.91685108766  4.8612423006  -0.62491354614  -1.1019918513  0.31001869548  11.153685878  1.2458845535  11.307636634  
198.1707  1.5636984417  3.4094299817  6.6054502914  7.5591029032  0.43042919947  -0.92067949006  5.1516753833  -0.12756921697  -1.2705790232  0.59081090349  11.668302128  1.3110343863  11.987326091  
197.7788  1.9864325682  3.6613084098  6.5599884239  7.9383192888  0.4427984759  -0.92778286336  5.4681466484  0.4212401355  -1.4415498834  0.8851535716  12.233015835  1.3741178152  12.682867231  
197.3884  2.4397956609  3.9347093066  6.4880939081  8.3566634567  0.47521040845  -0.93751170094  5.8114761979  1.0240091777  -1.6140125187  1.1922523741  12.848283516  1.434827416  13.395157951  
196.9995  2.9243276612  4.2323537278  6.3894540815  8.813808867  0.53108196749  -0.94903848415  6.1824092329  1.6832059828  -1.7869745374  1.5111664845  13.514120451  1.4928689738  14.12501903  
196.6122  3.4404386132  4.5569918694  6.2640012577  9.3088600247  0.6140036184  -0.96134998943  6.5816113327  2.4012339293  -1.9593420916  1.8408087875  14.230087665  1.5479589993  14.873142198  
196.2264  3.9883864699  4.911353929  6.1119442071  9.8403041642  0.72770284052  -0.97324177448  7.0096638442  3.1803868112  -2.1299180933  2.1799484419  14.995283326  1.5998221324  15.640038255  
195.8421  4.5682551975  5.2980970013  5.9337969818  10.405966023  0.87600112703  -0.98331536146  7.4670593501  4.0227971864  -2.2973994715  2.5272160309  15.808338733  1.6481886078  16.425986838  
195.4593  5.1799335268  5.7197485535  5.7304040061  11.002966665  1.0627646617  -0.98997867209  7.9541971792  4.9303781761  -2.460373371  2.8811114996  16.667418995  1.6927919578  17.230989518  
195.078  5.8230946421  6.1786471165  5.5029603998  11.627687313  1.2918490168  -0.99145029471  8.4713789173  5.9047591245  -2.6173122642  3.2400150216  17.570228493  1.7333671196  18.054727874  
194.6982  6.4971770313  6.6768809095  5.2530265787  12.275739132  1.5670383724  -0.98576817331  9.0188038674  6.9472157363  -2.7665680242  3.6022008657  18.514021135  1.7696491036  18.896528175  
194.3199  7.2013666382  7.216225204  4.9825362881  12.941939863  1.8919799121  -0.97080329976  9.5965644038  8.0585955139  -2.9063650877  3.9658542452  19.495615419  1.80137235  19.755334179  
193.943  7.9345803761  7.7980793142  4.6937973575  13.620298108  2.2701142109  -0.9442789613  10.204641149  9.2392395222  -3.0347929254  4.3290910258  20.511414233  1.8282708708  20.629689363  
193.5676  8.6954509746  8.4234041823  4.3894846294  14.304006018  2.7046025807  -0.90379604253  10.842897891  10.488901701  -3.149798119  4.6899800503  21.557429294  1.8500792308  21.517729733  
193.1936  9.4823130457  9.0926615976  4.072624693  14.985440946  3.1982524856  -0.84686480313  11.511076153  11.806667118  -3.2491764317  5.0465677055  22.629310069  1.8665343679  22.417188029  
192.8211  10.293190177  9.8057561536  3.7465722496  15.656176553  3.7534422704  -0.77094344845  12.208789286  13.19087071  -3.3305653334  5.3969042183  23.722376985  1.8773781949  23.325409866  
192.45  11.125782796  10.561981098  3.4149781374  16.307003622  4.3720465666  -0.67348367917  12.93551597  14.639018175  -3.3914375105  5.7390710222  24.831658673  1.882360855  24.239381979  
192.0804  11.977456499  11.35996927  3.0817492559  16.927960715  5.0553638323  -0.55198324923  13.69059296  16.147710768  -3.4290959455  6.0712083939  25.95193294  1.8812444333  25.155772332  
191.7121  12.8452305  12.197650321  2.7510008265  17.508374573  5.8040475623  -0.4040453792  14.473206898  17.712575788  -3.4406711965  6.3915424218  27.077771121  1.8738068499  26.070981504  
191.3453  13.72576586  13.072215441  2.427001629  18.036909987  6.6180427471  -0.22744466857  15.282385012  19.328204553  -3.4231215273  6.6984102482  28.203585411  1.8598455849  26.981204293  
190.9799  14.615353175  13.980090731  2.1141130322  18.50162867  7.4965291802  -0.020198927674  16.11698447  20.988099602  -3.3732365501  6.9902824245  29.323678707  1.8391808121  27.882500131  
190.6158  15.509899439  14.916920347  1.8167228014  18.890056454  8.4378731956  0.21935388678  16.975680163  22.684632759  -3.2876450283  7.2657811453  30.432296479  1.8116574562  28.77087051  
190.2532  16.404913893  15.877560407  1.5391748089  19.189257988  9.4395893699  0.49247469322  17.856950685  24.409015575  -3.1628274578  7.5236930908  31.523680099  1.7771456266  29.642341277  
189.8919  17.295492776  16.856084552  1.2856958865  19.385917937  10.498313637  0.79993957142  18.759062246  26.151283452  -2.9951339928  7.7629756118  32.592121039  1.7355388454  30.49304739  
189.532  18.17630304  17.845801853  1.0603211497  19.466427558  11.609789142  1.1419548618  19.680050298  27.900294524  -2.7808082139  7.9827550443  33.632015282  1.686749461  31.319317471  
189.1735  19.041565247  18.83928759  0.8668191757  19.416975428  12.768866011  1.518072854  20.617698644  29.64374414  -2.5160171501  8.1823160495  34.637917257  1.6307006374  32.117755393  
188.8163  19.885036084  19.828427156  0.70861844773  19.223641058  13.969516005  1.9271100451  21.569515858  31.368195463  -2.1968878636  8.3610810396  35.604592539  1.5673143334  32.88531602  
188.4604  20.699991115  20.804473105  0.58873646817  18.872490088  15.204862829  2.367070124  22.532708879  33.059126438  -1.8195507888  8.5185789735  36.527068556  1.4964947384  33.619372271  
188.1059  21.479208648  21.758115044  0.50971291113  18.349669813  16.467228593  2.8350739717  23.504153728  34.700993035  -1.3801898913  8.6544030945  37.400682425  1.4181067104  34.317770802  
187.7527  22.214955796  22.679561781  0.47354811913  17.641503842  17.748196647  3.3272990562  24.480363399  36.277308419  -0.87509957133  8.7681575179  38.221125077  1.3319488767  34.978873776  
187.4009  22.898978071  23.558634782  0.48164815908  16.734584873  19.038690725  3.8389306328  25.457453071  37.770737359  -0.30074809226  8.8593929782  38.984480725  1.2377212012  35.601584526  
187.0504  23.522494024  24.384871706  0.53477753982  15.615864702  20.329070002  4.3641271317  26.431102968  39.163204969  0.34615283977  8.9275324783  39.687260733  1.1349869961  36.185355275  
186.7011  24.076196689  25.147638422  0.63302056025  14.27274086  21.609239345  4.8960020206  27.396519323  40.436018646  1.0685728738  8.9717880626  40.326430893  1.0231295605  36.730175555  
186.3532  24.550263679  25.836247653  0.77575210856  12.693139523  22.868773704  5.4266242633  28.348394129  41.570001875  1.8690828806  8.9910704299  40.899431109  0.90130385543  37.236540477  
186.0066  24.934377958  26.440082081  0.96161857179  10.865594688  24.097055278  5.9470392577  29.280864537  42.545638484  2.7497707387  8.983893609  41.404186481  0.76838387701  37.705398589  
185.6612  25.21776129  26.948719568  1.1885293455  8.7793239417  25.283421723  6.4473118308  30.187473002  43.34322584  3.7121540576  8.9482774113  41.839108788  0.62290665092  38.138079671  
185.3172  25.38922241  27.352057933  1.4536592593  6.4243015229  26.417323404  6.9165924849  31.061129496  43.943035488  4.757091015  8.8816508437  42.203087423  0.46301404823  38.536203432  
184.9744  25.437221802  27.640436651  1.7534620588  3.7913297742  27.488487383  7.3432076522  31.894077359  44.325479773  5.8846906508  8.7807600798  42.495468882  0.28639389429  38.901570713  
184.6329  25.349954815  27.804752802  2.0836949108  0.87211044059  28.487085557  7.7147742107  32.677864541  44.471283127  7.09422412  8.6415849345  42.716024024  0.090222109651  39.236039384  
184.2926  25.115454548  27.836568666  2.4394537323  -2.3406823726  29.403904158  8.0183379683  33.403322246  44.361656794  8.3840385629  8.4592680457  42.864902464  -0.12889212967  39.541387704  
183.9536  24.721715546  27.72820848  2.8152189783  -5.8533254616  30.230511609  8.2405352356  34.060553125  43.978476009  9.7514754009  8.2280611126  42.942573636  -0.37495600341  39.819168404  
183.6158  24.156838869  27.472842144  3.2049113773  -9.6709636392  30.959421585  8.3677759978  34.638931307  43.304458818  11.192795007  7.9412925593  42.949754328  -0.65263503606  40.070557181  
183.2793  23.409198524  27.064553963  3.6019569545  -13.797518171  31.584248034  8.3864465796  35.127116669  42.323345939  12.703109823  7.5913608679  42.887322749  -0.96728493244  40.29619962  
182.944  22.46762857  26.498394942  3.9993605596  -18.235583941  32.09984884  8.2831290818  35.513085721  41.02008127  14.276328108  7.1697575491  42.756219579  -1.3249706474  40.496060812  
182.6099  21.321629482  25.770417615  4.38978699  -22.986312817  32.50245486  8.0448342827  35.784181468  39.380992801  15.905110568  6.6671232706  42.557336822  -1.7324700619  40.669282026  
182.2771  19.961591543  24.877692969  4.7656486995  -28.049280877  32.789781071  7.6592441472  35.927184429  37.393973803  17.580842174  6.0733400601  42.291395738  -2.1972596961  40.814048808  
181.9454  18.379032196  23.818309583  5.1191989845  -33.422337522  32.961116767  7.1149595992  35.928406807  35.048664228  19.293621461  5.3776617255  41.95881564  -2.7274800262  40.927474758  
181.615  16.566843453  22.591355753  5.442629458  -39.101435012  33.017391886  6.4017487945  35.773811412  32.336632195  21.032269561  4.5688837087  41.559575846  -3.3318782001  41.00550498  
181.2857  14.519544604  21.196885987  5.7281705518  -45.080437647  32.961216857  5.5107908093  35.449156546  29.25155534  22.784361073  3.6355525212  41.093073631  -4.0197262532  41.042842852  
180.9577  12.233534677  19.635873837  5.9681937258  -51.350910673  32.79689367  4.4349094352  34.9401675  25.789401574  24.53627872  2.5662137249  40.557981572  -4.8007133354  41.032903287  
180.6308  9.7073384225  17.910153628  6.1553140176  -57.901890019  32.530396295  3.1687916704  34.23273465  21.948608456  26.273293423  1.3496961396  39.952108183  -5.684810947  40.967795106  
180.3051  6.9418389707  16.022354089  6.2824915296  -64.719635116  32.169319062  1.7091855135  33.313137459  17.730259995  27.979671072  -0.024571378942  39.272266245  -6.6821107655  40.838334494  
179.9806  3.9404899113  13.97582729  6.3431304267  -71.787368361  31.722792132  0.055071823724  32.168292805  13.138259173  29.638806812  -1.5662156111  38.514153626  -7.8026353009  40.634090819  
179.6573  0.70949926741  11.774576549  6.3311740095  -79.085006138  31.201363842  -1.7921947018  30.78602524  8.1794939024  31.233387084  -3.2835534563  37.672251722  -9.05612235  40.343465344  
179.3351  -2.742022174  9.4231870912  6.2411944318  -86.588887757  30.616850321  -3.8287799555  29.155355833  2.8639935263  32.745579012  -5.1832128697  36.739746827  -10.451785012  39.953802614  
179.014  -6.401955512  6.9267632074  6.0684756552  -94.271510093  29.98215352  -6.0483042136  27.266805299  -2.7949276962  34.157245974  -7.2697490608  35.708479796  -11.998049863  39.451533532  
178.6942  -10.255118221  4.2908754551  5.8090882693  -102.10127706  29.311049534  -8.4418185775  25.112706217  -8.7805442893  35.450187372  -9.545265777  34.568929246  -13.702276763  38.822348407  
178.3754  -14.283264594  1.5215210941  5.4599548723  -110.04227434  28.617949845  -10.997826538  22.687518214  -15.072615207  36.606399742  -12.009052297  33.310233202  -15.570464626  38.051397582  
178.0578  -18.465147241  -1.3748995968  5.0189047827  -118.05408079  27.917638901  -13.702352241  19.988139211  -21.64730668  37.608355416  -14.657247331  31.920253591  -17.606948373  37.123516611  
177.7413  -22.776643447  -4.391589145  4.484716967  -126.09162892  27.224992186  -16.539056048  17.014205085  -28.477147896  38.439294049  -17.482541286  30.38568723  -19.814093083  36.023472414  
177.426  -27.190948683  -7.5213396867  3.8571501965  -134.10512702  26.554679657  -19.489396948  13.768369573  -35.531025337  39.083521416  -20.473928338  28.692225996  -22.191992152  34.736226419  
177.1117  -31.678837815  -10.756500498  3.1369596093  -142.04005611  25.920860074  -22.532840275  10.256555837  -42.774221635  39.526709084  -23.616519361  26.824767717  -24.738176904  33.247210303  
176.7986  -36.208992652  -14.088926997  2.3258990447  -149.83725407  25.336872316  -25.647108124  6.488170947  -50.168504581  39.75618784  -26.891426032  24.767677925  -27.447345672  31.542609757  
176.4866  -40.748392444  -17.509912972  1.4267087301  -157.43309879  24.814930254  -28.808468757  2.4762746105  -57.672271453  39.761227205  -30.275725348  22.505101135  -30.311120754  29.609651542  
176.1756  -45.262761881  -21.010108819  0.44308814715  -164.75980095  24.365828042  -31.992060265  -1.762306218  -65.240753156  39.533293014  -33.742512337  20.021318625  -33.317841861  27.436889096  
175.8658  -49.717069062  -24.579429527  -0.62034582911  -171.74581486  23.998662914  -35.172242819  -6.2069245845  -72.826281626  39.066274902  -37.261046992  17.301147962  -36.452404709  25.014482004  
175.5571  -54.07606398  -28.206957007  -1.7581151405  -178.31637382  23.720582524  -38.322972966  -10.833129513  -80.378622776  38.356675669  -40.796999338  14.330377773  -39.696153178  22.334464827  
175.2494  -58.304846219  -31.880842103  -2.9639504218  -184.39415338  23.536563726  -41.418192724  -15.612756403  -87.84537575  37.403754954  -44.312794246  11.096229518  -43.026832994  19.391001004  
174.9428  -62.36944909  -35.588212147  -4.2308735517  -189.90006261  23.449229262  -44.43222568  -20.514096112  -95.172437616  36.209620364  -47.768055034  7.5878363778  -46.418614183  16.180617821  
174.6373  -66.237426137  -39.315090272  -5.551291581  -194.75415988  23.45870829  -47.340171896  -25.502145273  -102.30453077  34.779260272  -51.120142204  3.7967279188  -49.842188535  12.702418781  
174.3328  -69.878425168  -43.046332742  -6.917100434  -198.8766857  23.562545864  -50.118293261  -30.538938519  -109.18578842  33.120513845  -54.324780926  -0.28269203111  -53.264947054  8.9582700314  
174.0295  -73.26473454  -46.765590439  -8.319796508  -202.18920087  23.755665528  -52.744380949  -35.583961178  -115.76039145  31.243975519  -57.336768097  -4.6526878136  -56.651240822  4.9529578755  
173.7271  -76.371786536  -50.455300155  -9.7505940353  -204.61581431  24.030388035  -55.198096904  -40.594638804  -121.97324815  29.162833  -60.110747145  -9.3117687469  -59.962726946  0.69431471834  
173.4258  -79.17860325  -54.096710651  -11.200545873  -206.08448058  24.376507944  -57.461281712  -45.526897638  -127.77070631  26.892639962  -62.602036276  -14.25431455  -63.158799234  -3.8066888779  
173.1256  -81.668171517  -57.669947481  -12.66066522  -206.52834343  24.781428407  -59.518221933  -50.335787835  -133.10128548  24.45102679  -64.767493605  -19.470263332  -66.19710106  -8.5358880578  
172.8264  -83.827735034  -61.154119416  -14.12204566  -205.8870983  25.230353036  -61.35587082  -54.976159086  -137.91641578  21.857354971  -66.56640074  -24.94487534  -69.034115573  -13.47590522  
172.5282  -85.648993861  -64.527467898  -15.575976926  -204.10834382  25.706532192  -62.964017438  -59.403376251  -142.17116855  19.132322932  -67.961344898  -30.658584408  -71.625825984  -18.606170762  
172.2311  -87.128203996  -67.767559489  -17.014053773  -201.14889024  26.191559588  -64.33540039  -63.574060795  -145.82496319  16.297533188  -68.919078655  -36.586947328  -73.928436271  -23.902984323  
171.9349  -88.266172507  -70.851519672  -18.428275542  -196.97599123  26.665713633  -65.465763736  -67.446842338  -148.84223439  13.375032505  -69.41133594  -42.700699227  -75.899140279  -29.339617573  
171.6398  -89.06814677  -73.756304752  -19.811134143  -191.56846552  27.108336644  -66.353854086  -70.983103465  -151.19304372  10.386838302  -69.415583012  -48.965920427  -77.496925016  -34.886459374  
171.3457  -89.54359954  -76.459007039  -21.155688496  -184.91767496  27.498243896  -67.001359351  -74.147700267  -152.85362061  7.3544656238  -68.915683857  -55.34431743  -78.683391933  -40.511203881  
171.0526  -89.705914836  -78.937187039  -22.45562382  -177.02832777  27.814153479  -67.412791118  -76.909640839  -153.80681827  4.2984696717  -67.902460726  -61.793617458  -79.423578333  -46.179081767  
170.7605  -89.57198271  -81.169225084  -23.705294575  -167.919078  28.035127227  -67.595314037  -79.242704226  -154.04247195  1.2380189519  -66.374132455  -68.26807273  -79.686759778  -51.853134442  
170.4694  -89.161713967  -83.13468376  -24.899750339  -157.62289656  28.141012492  -67.558526973  -81.125983154  -153.55764883  -1.8094863269  -64.336615604  -74.719067274  -79.447213514  -57.494530585  
170.1793  -88.497488431  -84.814671728  -26.034744398  -146.18719345  28.112874328  -67.314201894  -82.544335154  -152.35678109  -4.8287370531  -61.803676442  -81.09581578  -78.684922689  -63.062923757  
169.8902  -87.603552625  -86.192199043  -27.106725373  -133.67367661  27.933407763  -66.875987509  -83.48872859  -150.45167645  -7.806767263  -58.796925153  -87.346140907  -77.38620138  -68.516849182  
169.6021  -86.505384351  -87.252513961  -28.112812726  -120.15793916  27.587320201  -66.259085522  -83.956472362  -147.86140343  -10.733125655  -55.345647374  -93.417312632  -75.544221368  -73.814156965  
169.3149  -85.229042806  -87.983411456  -29.050757507  -105.72877353  27.061674682  -65.479907969  -83.951320802  -144.6120514  -13.599959408  -51.486472157  -99.25693083  -73.159423087  -78.912478163  
169.0287  -83.800523296  -88.375504252  -29.918890174  -90.487217972  26.346185627  -64.555724459  -83.483448354  -140.73636903  -16.402006144  -47.262879581  -104.81383037  -70.239795334  -83.769719121  
168.7435  -82.245135497  -88.422448107  -30.716057744  -74.545348521  25.433459883  -63.504308244  -82.56929193  -136.27328747  -19.136493176  -42.724555356  -110.03898673  -66.801010994  -88.344578508  
168.4592  -80.586923337  -88.12111433  -31.441552868  -58.024836055  24.319177226  -62.343589841  -81.231262324  -131.26733776  -21.802946596  -37.926603849  -114.88639941  -62.86640932  -92.597080428  
168.1759  -78.848143151  -87.471703988  -32.095037691  -41.055295163  23.002206005  -61.091326496  -79.497329611  -125.76797454  -24.4029162  -32.928634763  -119.31393061  -58.466818953  -96.489115967  
167.8936  -77.048814761  -86.477800012  -32.676465487  -23.772457362  21.484651225  -59.764795113  -77.400490869  -119.8288207  -26.939625578  -27.793742222  -123.28407725  -53.640219946  -99.984984628  
167.6122  -75.206357606  -85.146355229  -33.18600314  -6.3162064551  19.771834085  -58.380515312  -74.978131898  -113.50684933  -29.41755969  -22.587398058  -126.76465595  -48.431247313  -103.05192625  
167.3317  -73.335321162  -83.487616292  -33.623957423  11.171481954  17.872203653  -56.954008268  -72.271297561  -106.8615211  -31.842004909  -17.376283597  -129.72938279  -42.890543015  -105.66063339  
167.0522  -71.447215682  -81.514985411  -33.990707901  28.548651807  15.797183054  -55.499595644  -69.323887975  -99.953895933  -34.218558565  -12.227086147  -132.1583323  -37.073967638  -107.78573368  
166.7736  -69.550445934  -79.244823641  -34.286648949  45.675482088  13.560954125  -54.030241691  -66.18179992  -92.845738464  -36.552626495  -7.2052875605  -134.03826362  -31.04168718  -109.4062316  
166.4959  -67.65034721  -76.696201164  -34.512143016  62.416359403  11.180185937  -52.557440102  -62.892034338  -85.598636501  -38.848927847  -2.3739727282  -135.36280515  -24.857154189  -110.50589903  
166.2192  -65.74931954  -73.890601545  -34.667486808  78.641861597  8.6737139057  -51.091145884  -59.501791791  -78.273151064  -41.111026359  2.2073144708  -136.13249341  -18.586005849  -111.07360469  
165.9433  -63.847052923  -70.851588112  -34.752891508  94.230608759  6.0621773025  -49.639751093  -56.05757798  -70.928015389  -43.340906567  6.4836412521  -136.35466562  -12.294904361  -111.10357318  
165.6684  -61.940833601  -67.604441573  -34.768477607  109.07094159  3.3676238746  -48.210102064  -52.604341104  -63.619398555  -45.538611879  10.405657342  -136.04321005  -6.0503470261  -110.59556539  
165.3944  -60.025918968  -64.175778533  -34.71428432  123.06239191  0.61309094465  -46.807554598  -49.184661777  -56.400247326  -47.701959189  13.930445475  -135.21818181  0.082525330905  -109.55497376  
165.1213  -58.095966808  -60.593160815  -34.590292963  136.11691594  -2.1778272282  -45.436062635  -45.838014595  -49.319717343  -49.826341946  17.022231795  -133.90529601  6.0410925615  -107.99282737  
164.8491  -56.143503188  -56.884705336  -34.396463125  148.1598674  -4.9814158737  -44.098295144  -42.600118251  -42.422702131  -51.904630211  19.652940588  -132.13531313  11.766363456  -105.92570395  
164.5778  -54.160412529  -53.078703836  -34.132779956  159.13069475  -7.7742700432  -42.79577543  -39.502388402  -35.74946556  -53.927172601  21.802581753  -129.94333473  17.204000897  -103.37554793  
164.3074  -52.138433177  -49.203260965  -33.799310427  168.98335436  -10.533709282  -41.529036731  -36.571504415  -29.335380482  -55.881901121  23.459463762  -127.36802944  22.305238931  -100.36939625  
164.0379  -50.069642176  -45.285958188  -33.3962661  177.68643876  -13.238167602  -40.297787859  -33.829097762  -23.210773435  -57.754535962  24.620229311  -124.45081117  27.027669777  -96.939015459  
163.7692  -47.946913842  -41.353549693  -32.924069667  185.2230266  -15.867550459  -39.101082795  -31.291566313  -17.400872561  -59.528883548  25.289715366  -121.23499181  31.335882461  -93.120456556  
163.5014  -45.764338151  -37.431695086  -32.383422364  191.59026801  -18.403551332  -37.937488445  -28.970015165  -11.925853382  -61.187217576  25.480643741  -117.76493139  35.201938973  -88.953535623  
163.2346  -43.517586776  -33.544732122  -31.775369361  196.79872501  -20.82992162  -36.805245293  -26.870321172  -6.8009748225  -62.710729712  25.213152526  -114.08520728  38.605678485  -84.481250656  
162.9685  -41.204216759  -29.715491197  -31.101360269  200.87149258  -23.13268871  -35.702416343  -24.993314962  -2.0367960013  -64.080034017  24.514182525  -110.23982335  41.534845055  -79.749146532  
162.7034  -38.823904219  -25.965151828  -30.363302127  203.84313028  -25.300318454  -34.627020531  -23.335071224  2.3605372137  -65.27570732  23.416736252  -106.27147747  43.985039188  -74.804641434  
162.4391  -36.378603032  -22.313139957  -29.56360249  205.75843785  -27.323819582  -33.577147638  -21.887295361  6.3889479854  -66.278846493  21.959029893  -102.22090358  45.959498537  -69.696329072  
162.1756  -33.872626043  -18.777063657  -28.705200615  206.67111069  -29.196789074  -32.551052669  -20.637792384  10.050039386  -67.071623226  20.183560873  -98.126301448  47.468717654  -64.473271538  
161.9131  -31.312648927  -15.372683801  -27.791585201  206.64231231  -30.91539886  -31.547228545  -19.571002269  13.348673391  -67.637817161  18.136115209  -94.022863848  48.529920917  -59.184297805  
161.6513  -28.707639243  -12.113915417  -26.826797583  205.7392007  -32.478325673  -30.564456895  -18.668584792  16.292530864  -67.963309321  15.864739733  -89.942407699  49.166406506  -53.87732248  
161.3904  -26.068715473  -9.0128549113  -25.815419868  204.03344495  -33.88662717  -29.601837494  -17.910036316  18.891664861  -68.036519516  13.418704393  -85.91311196  49.406782317  -48.598698716  
161.1304  -23.40894279  -6.0798280191  -24.762547959  201.59976605  -35.143568709  -28.658797699  -17.273320979  21.158058762  -67.848773682  10.847479327  -81.959361769  49.284117042  -43.392617998  
160.8712  -20.743073932  -3.3234533283  -23.673749998  198.51453309  -36.2544063  -27.735083817  -16.735499221  23.105199597  -67.394589924  8.1997502047  -78.101695055  48.835031185  -38.300568017  
160.6128  -18.087244866  -0.75071637282  -22.555011216  194.85444266  -37.226132218  -26.830736851  -16.273337617  24.74767558  -66.671875166  5.522493562  -74.356844928  48.098753498  -33.360858028  
160.3552  -15.458635801  1.6329502726  -21.412666635  190.69530456  -38.067190592  -25.946055456  -15.863885425  26.100805373  -65.682027646  2.8601315106  -70.73786866  47.116168234  -28.608219102  
160.0985  -12.875108646  3.8235848983  -20.253323455  186.11095315  -38.787170904  -25.081549112  -15.485005031  27.180305012  -64.429943942  0.25378246892  -67.254352013  45.928877747  -24.073484455  
