260.0  -4.0800198736E-6  -4.6117428341E-6  1.2467409118E-4  2.032946946E-4  2.4322802461E-6  -1.1572835078E-5  -1.2816504657E-5  5.868353627E-5  -1.1503457788E-5  2.4020573179E-5  -1.8160093634E-5  -1.5377416636E-5  -8.5675270491E-5  -1.4623503286E-6  1.3572435069E-4  -4.2314549168E-5  -3.3310128847E-6  1.5060699448E-5  -1.4026739386E-5  -5.8895312095E-6  
259.3258  -5.670964881E-6  -6.2509322652E-6  1.5872562745E-4  2.619776308E-4  3.0988646755E-6  -1.5474140047E-5  -1.7263953989E-5  7.6390134182E-5  -1.5399272093E-5  3.1413656519E-5  -2.3904226994E-5  -2.0713571728E-5  -1.1220836807E-4  -1.8918174277E-6  1.7646900844E-4  -5.5582766142E-5  -4.5071809733E-6  2.0136247594E-5  -1.8631576727E-5  -7.9763219637E-6  
258.655  -7.8492341344E-6  -8.4447482803E-6  2.0130534217E-4  3.3643393413E-4  3.925439247E-6  -2.0621095769E-5  -2.3174198773E-5  9.9088912459E-5  -2.0543726467E-5  4.094028989E-5  -3.1353528267E-5  -2.7803688761E-5  -1.4644806806E-4  -2.4344411306E-6  2.2865000071E-4  -7.2763325175E-5  -6.0734226007E-6  2.682501488E-5  -2.4663177385E-5  -1.0765040337E-5  
257.9877  -1.0819067324E-5  -1.1370799513E-5  2.5432652068E-4  4.3055907527E-4  4.9426671199E-6  -2.738772026E-5  -3.1000086725E-5  1.2807912567E-4  -2.7312763198E-5  5.3171756586E-5  -4.097806398E-5  -3.7189921196E-5  -1.9047182651E-4  -3.1155740799E-6  2.952335914E-4  -9.4930837188E-5  -8.150356633E-6  3.5606566947E-5  -3.253533788E-5  -1.4478356963E-5  
257.3238  -1.4851142203E-5  -1.5260115906E-5  3.2007081034E-4  5.4911462714E-4  6.1843545732E-6  -3.62526211E-5  -4.1325177301E-5  1.6496651044E-4  -3.6187583934E-5  6.8819128346E-5  -5.3366393441E-5  -4.9570476976E-5  -2.4686903406E-4  -3.9647116144E-6  3.7988472604E-4  -1.234311933E-4  -1.089300976E-5  4.7092257795E-5  -4.2772915201E-5  -1.9404976042E-5  
256.6634  -2.0302592832E-5  -2.041208382E-5  4.0124323618E-4  6.9789569493E-4  7.6866499934E-6  -4.7825857521E-5  -5.4898447882E-5  2.1172684347E-4  -4.7781659333E-5  8.8763783849E-5  -6.9252213668E-5  -6.5840862126E-5  -3.1885361687E-4  -5.0156031044E-6  4.871122836E-4  -1.5994322232E-4  -1.4499725786E-5  6.2058129634E-5  -5.6038949873E-5  -2.591771543E-5  
256.0063  -2.7642533363E-5  -2.7213203187E-5  5.0103134569E-4  8.8392453311E-4  9.4866080105E-6  -6.2882002975E-5  -7.2677301304E-5  2.7078040722E-4  -6.2873946539E-5  1.1409362112E-4  -8.9546109919E-5  -8.7144914559E-5  -4.103978138E-4  -6.306098623E-6  6.2243956336E-4  -2.0655252485E-4  -1.9223113292E-5  8.148506096E-5  -7.3167652989E-5  -3.449607185E-5  
255.3526  -3.7484437199E-5  -3.616054033E-5  6.2316763822E-4  0.0011156730057  1.1619872835E-5  -8.2400646086E-5  -9.5880599256E-5  3.4507867321E-4  -8.2449541069E-5  1.4614578681E-4  -1.1537315899E-4  -1.1493763535E-4  -5.2639021749E-4  -7.87759468E-6  7.9260318789E-4  -2.6583942354E-4  -2.5383422818E-5  1.066074947E-4  -9.5204322421E-5  -4.5754247561E-5  
254.7022  -5.0627003806E-5  -4.7890920506E-5  7.7199400865E-4  0.0014033164815  1.4117165352E-5  -1.0761576438E-4  -1.260537336E-4  4.382045328E-4  -1.0774917965E-4  1.8655680768E-4  -1.4811718291E-4  -1.5106215076E-4  -6.7282140376E-4  -9.7738982135E-6  0.0010057837196  -3.4098316568E-4  -3.3384799742E-5  1.3897225369E-4  -1.2345339591E-4  -6.0475789507E-5  
254.0551  -6.8105473512E-5  -6.3217100175E-5  9.5252641718E-4  0.0017590215902  1.6999174418E-5  -1.4007562002E-4  -1.6514806487E-4  5.5448738454E-4  -1.4032921675E-4  2.3732106272E-4  -1.8947248812E-4  -1.9784349498E-4  -8.5700067498E-4  -1.2039272933E-5  0.0012718713325  -4.3588470349E-4  -4.3734916443E-5  1.8050913144E-4  -1.5953599769E-4  -7.9656187971E-5  
253.4113  -9.1255727847E-5  -8.3172382169E-5  0.0011705173825  0.0021972699825  2.0269352149E-5  -1.8171505829E-4  -2.1561740197E-4  6.9913431519E-4  -1.821339177E-4  3.0085857382E-4  -2.4150394399E-4  -2.5820228798E-4  -0.0010878075926  -1.4715364791E-5  0.0016027698327  -5.5531055116E-4  -5.70685458E-5  2.3361512654E-4  -2.0545848748E-4  -1.0455499886E-4  
252.7708  -1.2179394236E-4  -1.0906538873E-4  0.0014325131757  0.0027352198094  2.3903993967E-5  -2.3494233516E-4  -2.805345658E-4  8.783784756E-4  -2.3558214267E-4  3.8009311356E-4  -3.0671624789E-4  -3.3579178907E-4  -0.0013759820513  -1.7836622199E-5  0.002012742152  -7.0506036427E-4  -7.4175695331E-5  3.0125436291E-4  -2.6369367232E-4  -1.3675929093E-4  
252.1334  -1.6191504201E-4  -1.425469885E-4  0.0017459017691  0.0033931060445  2.7838845024E-5  -3.0274285512E-4  -3.6373146663E-4  0.0010996455392  -3.0367073245E-4  4.7854162464E-4  -3.8813318398E-4  -4.3516222812E-4  -0.0017344566301  -2.1423730027E-5  0.0025188001284  -8.9216099566E-4  -9.6034974891E-5  3.8707589511E-4  -3.3727648635E-4  -1.7826047466E-4  
251.4993  -2.1441374634E-4  -1.8569168355E-4  0.0021189466611  0.004194679997  3.1951314004E-5  -3.8880245915E-4  -4.6996652118E-4  0.0013717388257  -3.9009714422E-4  6.0041591093E-4  -4.8938760093E-4  -5.6195673982E-4  -0.0021787348196  -2.5474462966E-5  0.0031411409026  -0.0011250898364  -1.2385291716E-4  4.9555172891E-4  -4.2991607584E-4  -2.3154683866E-4  
250.8684  -2.8283258025E-4  -2.4109610068E-4  0.0025608006713  0.0051676873796  3.6037192179E-5  -4.9765315694E-4  -6.0512363039E-4  0.0017050432631  -4.9940411315E-4  7.50737487E-4  -6.1482270032E-4  -7.2314363965E-4  -0.0027273184427  -2.9951232481E-5  0.0039036315742  -0.0014140302359  -1.5911000517E-4  6.3213747725E-4  -5.4612633695E-4  -2.9971439868E-4  
250.2406  -3.7164186176E-4  -3.1199759341E-4  0.0030814926833  0.0063443830883  3.9780569713E-5  -6.3484443708E-4  -7.7644731602E-4  0.0021117478276  -6.3714932482E-4  9.3546635545E-4  -7.6960503157E-4  -9.2729016248E-4  -0.0034021871301  -3.4764451564E-5  0.0048343428492  -0.0017711616928  -2.0361417973E-4  8.0345810621E-4  -6.9137703311E-4  -3.8659894374E-4  
249.616  -4.8645735138E-4  -4.0241634429E-4  0.0036918791227  0.0077620794109  4.2715412999E-5  -8.0714350092E-4  -9.9281895563E-4  0.0026060854427  -8.101032606E-4  0.0011616443107  -9.5984932102E-4  -0.001184883114  -0.0042293320508  -3.9750672973E-5  0.0059661312387  -0.0022109872993  -2.5956259564E-4  0.0010175211855  -8.7226765564E-4  -4.9693243647E-4  
248.9944  -6.3430194645E-4  -5.1732475268E-4  0.0044035507337  0.0094637226938  4.4177018112E-5  -0.0010227679352  -0.0012650793373  0.0032045885049  -0.0010264785081  0.0014375531382  -0.0011927549104  -0.0015087021338  -0.0052393452114  -4.4644270387E-5  0.0073372679259  -0.002750700582  -3.296123625E-4  0.0012839599244  -0.0010967261729  -6.3652717524E-4  
248.376  -8.2391850929E-4  -6.6284829278E-4  0.0052286839773  0.011498491574  4.3241289015E-5  -0.0012916544463  -0.0016064029486  0.0039263572519  -0.0012961938951  0.0017728877807  -0.0014767531338  -0.0019142514017  -0.0064680644887  -4.9041230119E-5  0.008992110674  -0.0034105934  -4.1696093577E-4  0.0016143080237  -0.0013742347255  -8.1249134108E-4  
247.7606  -0.001066141607  -8.4650241731E-4  0.0061798251747  0.013922407725  3.8649509927E-5  -0.0016257673042  -0.0020327294884  0.0047933370667  -0.0016311767851  0.0021789441755  -0.0018216644118  -0.0024202556032  -0.0079572731345  -5.2353407072E-5  0.010981813099  -0.0042145059005  -5.2543670775E-4  0.0020223079821  -0.0017160841535  -0.0010334797117  
247.1483  -0.0013743365821  -0.0010774704478  0.0072695944105  0.016798947694  2.8715995626E-5  -0.0020394500618  -0.0025632580015  0.0058305995484  -0.0020457067517  0.002668821019  -0.0022388631805  -0.0030492257547  -0.0097554507701  -5.3751377781E-5  0.01336506328  -0.0051903186906  -6.5960017745E-4  0.0025242539426  -0.0021356589678  -0.0013099834081  
246.539  -0.0017649149306  -0.0013669277143  0.0085102952566  0.020199641883  1.1215720419E-5  -0.0025498239003  -0.0032210087532  0.0070666207581  -0.002556803587  0.0032576341919  -0.0027414479937  -0.0038281000387  -0.011918570861  -5.2093802851E-5  0.016208841017  -0.0063704863309  -8.2485584319E-4  0.0031393694165  -0.0026487539905  -0.0016546625201  
245.9327  -0.0022579353883  -0.0017284174597  0.0099134156515  0.024204644038  -1.6751242813E-5  -0.0031772355696  -0.0040334574208  0.0085335485044  -0.0031846621965  0.0039627419714  -0.0033444132413  -0.0047889640521  -0.014510937326  -4.5841000352E-5  0.019589180143  -0.0077926099864  -0.0010275746518  0.0038902192655  -0.0032739233651  -0.0020827253061  
245.3293  -0.0028778003722  -0.0021782841837  0.01148900486  0.028903251908  -5.8921883636E-5  -0.0039457573195  -0.0050332453519  0.010267448876  -0.0039531363339  0.0048039784759  -0.0040648179106  -0.0059698537874  -0.017606050319  -3.2950242834E-5  0.023591919109  -0.0095000455719  -0.0012752264448  0.0048031541311  -0.0040328619695  -0.0026123573519  
244.7289  -0.0036540574179  -0.0027361701295  0.013244911425  0.034394357008  -1.2006262248E-4  -0.0048837404154  -0.0062589684545  0.012308520506  -0.0048902723352  0.0058038920358  -0.0049219457006  -0.0074156431822  -0.021287488319  -1.0750138292E-5  0.028313419765  -0.011542542003  -0.0015765213552  0.0059087840556  -0.0049508184337  -0.0032652035644  
244.1315  -0.0046223149442  -0.0034255804877  0.015185867512  0.040786798843  -2.0619562715E-4  -0.0060244227657  -0.0077560457056  0.014701263287  -0.0060288929811  0.0069879843686  -0.0059374495792  -0.0091790161525  -0.02564979056  2.4208642798E-5  0.033861230825  -0.013976902211  -0.0019415585219  0.0072424763329  -0.0060570379616  -0.00406690514  
243.5369  -0.0058252809698  -0.0042745225537  0.017312406125  0.048199596591  -3.2486286539E-4  -0.00740658984  -0.0095776662296  0.017494586565  -0.0074072303338  0.0083849455807  -0.007135472591  -0.011321520607  -0.030799320559  7.6329056038E-5  0.040354669077  -0.016867657437  -0.0023819797936  0.0088448706605  -0.0073852319796  -0.0050476926445  
242.9452  -0.0073139322447  -0.0053162234997  0.019619599448  0.056762029216  -4.8543161853E-4  -0.0090752863788  -0.011785811374  0.020741840179  -0.0090696048502  0.010026879131  -0.0085427353943  -0.013914699009  -0.036855088137  1.5117247542E-4  0.047925288124  -0.020287742977  -0.0029111252945  0.01076240243  -0.0089740702751  -0.0062430350419  
242.3565  -0.0091488195428  -0.0065899305556  0.022095609101  0.066613533508  -6.9944498072E-4  -0.011082574378  -0.014452345144  0.024500750308  -0.01106714624  0.011949510006  -0.010188579678  -0.017041286563  -0.04394950401  2.5569508153E-4  0.056717201415  -0.024319161105  -0.0035441868088  0.013047822532  -0.010867689756  -0.0076943428768  
241.7705  -0.011401512523  -0.0081417961919  0.024720042531  0.077903388631  -9.8102050385E-4  -0.013488330457  -0.017660162744  0.02883324091  -0.013458549438  0.014192368496  -0.012104955325  -0.020796464062  -0.052229037827  3.9851799275E-4  0.066887223712  -0.029053614349  -0.0042983539298  0.015760699375  -0.013116212272  -0.0094497218367  
241.1874  -0.014156184525  -0.010025849327  0.027462114046  0.090790155712  -0.00134729959  -0.016361072965  -0.02150438277  0.033805120747  -0.016310856664  0.016798941161  -0.01432633803  -0.025289147838  -0.061854747613  5.9023276464E-4  0.078604793153  -0.034593089778  -0.0051929468061  0.018967885997  -0.015776262101  -0.011564770561  
240.6071  -0.017511333856  -0.012305051583  0.030278614321  0.10544084185  -0.0018189494552  -0.01977880608  -0.026093563861  0.039485615667  -0.019700253931  0.019816779888  -0.016889563051  -0.030643294175  -0.073002646136  8.4374315706E-4  0.092051634826  -0.041050372456  -0.0062495281336  0.022743932238  -0.018911471759  -0.014103413831  
240.0295  -0.021581633497  -0.01505243518  0.033111698423  0.12202975985  -0.002420718464  -0.023829864684  -0.031550921313  0.045946726134  -0.023712867492  0.023297559364  -0.019833560068  -0.036999189987  -0.085863867825  0.0011746431138  0.10742112655  -0.048549464006  -0.0074919857986  0.02717141904  -0.02259296279  -0.017138759178  
239.4548  -0.026499895672  -0.01835231613  0.035886509605  0.14073705816  -0.0031820443433  -0.028613740044  -0.0380155134  0.053262390916  -0.0284455427  0.027297072941  -0.02319897369  -0.044514695682  -0.10064459881  0.0016016296926  0.12491732848  -0.057225880199  -0.0089465763113  0.032341189138  -0.026899786133  -0.020753961471  
238.8828  -0.032419131398  -0.022301572973  0.038508664196  0.16174689992  -0.0041377132058  -0.034241862282  -0.045643361041  0.0615074397  -0.034006584621  0.031875156708  -0.027027654163  -0.053366400043  -0.11756573255  0.00214694821  0.14475364029  -0.067226799975  -0.010641917916  0.038352445878  -0.031919304715  -0.025043076309  
238.3135  -0.039514677973  -0.027010977404  0.040861631726  0.18524527582  -0.0053285654485  -0.040838311453  -0.054608458004  0.07075632002  -0.040516436616  0.037095531717  -0.031362003397  -0.063750640817  -0.13686221454  0.0028368651113  0.16715105371  -0.078711037328  -0.012608921074  0.045312689708  -0.037747498992  -0.030111879011  
237.7469  -0.047986359421  -0.032606558734  0.042804053878  0.21141744293  -0.0068022424239  -0.048540424708  -0.06510362241  0.081081587611  -0.048108270008  0.043025554775  -0.036244162548  -0.075884338719  -0.158782042  0.00370216205  0.19233597327  -0.091848807191  -0.014880642934  0.053337460312  -0.044489174541  -0.03607862184  
237.183  -0.058060636401  -0.039230979307  0.044167055679  0.2404449899  -0.0086139653434  -0.057499262835  -0.07734113389  0.092552153944  -0.056928455105  0.049735868978  -0.041715029245  -0.090005587034  -0.18358488814  0.0047786423634  0.22053758533  -0.10682125708  -0.017492051512  0.062549851452  -0.05225804937  -0.043074697884  
236.6218  -0.069992693001  -0.047044892804  0.044751612305  0.27250253951  -0.010827335168  -0.067879895397  -0.091553094775  0.10523129049  -0.067136881319  0.057299946363  -0.047813095141  -0.10637393415  -0.2115403261  0.0061076386019  0.25198476457  -0.12381973778  -0.020479684636  0.073079765622  -0.061176697624  -0.051245175878  
236.0632  -0.084068398589  -0.056228251851  0.044326044628  0.3077541101  -0.013515139321  -0.079861460013  -0.10799144831  0.11917439602  -0.078907092043  0.065793516616  -0.054573097947  -0.12527029255  -0.2429256345  0.0077365070413  0.2869025173  -0.14304478912  -0.023881188384  0.085062876754  -0.071376325836  -0.060749166409  
235.5072  -0.10060607364  -0.066981525719  0.042623725868  0.34634917026  -0.016760147988  -0.093636948229  -0.12692758244  0.13442654108  -0.092426198556  0.075293877744  -0.062024486347  -0.14699640521  -0.27802317528  0.0097190922474  0.32550797349  -0.16470482059  -0.027734719811  0.098639271615  -0.08299635792  -0.071759976507  
234.9539  -0.11995797952  -0.079526783218  0.039341089979  0.38841843376  -0.020655879583  -0.10941266809  -0.14865144476  0.15101981242  -0.10789453659  0.085879087012  -0.070189701449  -0.17187379991  -0.3171173447  0.012116141848  0.36800595336  -0.18901447206  -0.032078199271  0.11395174434  -0.096183805814  -0.08446500685  
234.4032  -0.14251144415  -0.094108590389  0.034136039281  0.43406945522  -0.025307311801  -0.12740733224  -0.17347009245  0.16897048965  -0.12552502953  0.097627033195  -0.079082284429  -0.20024216277  -0.36049110998  0.014995648801  0.41458414877  -0.21619264593  -0.036948398771  0.13114372396  -0.11109240417  -0.099065343928  
233.855  -0.16868952853  -0.11099466748  0.02662685395  0.48338210082  -0.030831511629  -0.14785072025  -0.20170560203  0.18827609624  -0.1455422237  0.11061439426  -0.088704826906  -0.23245706654  -0.40842215709  0.018433095755  0.46540797633  -0.24646021036  -0.042379854452  0.15035682193  -0.12788148979  -0.11577499874  
233.3094  -0.19895113365  -0.13047624516  0.016391708769  0.53640398119  -0.03735815482  -0.17098186547  -0.23369226646  0.2089123775  -0.16818096372  0.12491548799  -0.09904678813  -0.26888699523  -0.46117868917  0.022511573684  0.5206151749  -0.28003738183  -0.04840359375  0.17172799513  -0.14671460968  -0.13481974415  
232.7663  -0.23379044479  -0.15286805645  0.002968902677  0.59314594618  -0.045029902924  -0.1970467197  -0.26977301289  0.23083026811  -0.19368468037  0.14060102666  -0.11008221123  -0.30990961613  -0.51901492975  0.027321745083  0.58031023715  -0.317140806  -0.055045670856  0.19538633081  -0.16775784571  -0.15643550523  
232.2258  -0.2737356091  -0.1785078981  -0.014142096316  0.65357775221  -0.054002603962  -0.22629525426  -0.31029498338  0.25395292199  -0.22230326824  0.15773679045  -0.12176737927  -0.35590726278  -0.58216639951  0.032961620646  0.64455878025  -0.35798036673  -0.06232550805  0.22144947136  -0.19117784888  -0.18086626072  
231.6878  -0.31934654594  -0.20775569459  -0.035478694654  0.71762402198  -0.064445281595  -0.25897796322  -0.35560423284  0.27817288624  -0.25429053813  0.17638223809  -0.13403846042  -0.40726160828  -0.6508450504  0.039536117877  0.71338197593  -0.40275576515  -0.070254045112  0.25001971093  -0.21713958219  -0.20836141995  
231.1522  -0.37121179544  -0.24099199841  -0.061612219054  0.7851606232  -0.076539877124  -0.29534174418  -0.40603951414  0.30334950895  -0.28990123708  0.19658907679  -0.14680920036  -0.46434752682  -0.72523435417  0.047156370504  0.786751173  -0.45165292324  -0.078831704497  0.28117981025  -0.24580377753  -0.23917264708  
230.6191  -0.4299443218  -0.27861586313  -0.093143892363  0.85601159673  -0.090480709183  -0.33562514391  -0.46192513947  0.32930667725  -0.32938763902  0.21839981676  -0.15996872761  -0.52752616403  -0.80548445525  0.055938759133  0.86458285572  -0.50484027855  -0.088046186067  0.31498859181  -0.27732412009  -0.2735501153  
230.0885  -0.4961762024  -0.32104203116  -0.13069968494  0.92994676517  -0.10647361756  -0.38005297039  -0.52356292996  0.35583098603  -0.37299572006  0.24184633858  -0.17337954526  -0.59713726073  -0.89170750784  0.066003636434  0.94673408928  -0.56246504893  -0.097870112012  0.35147639347  -0.31184418114  -0.31173818535  
229.5603  -0.57055215372  -0.3686973854  -0.17492400862  1.0066801498  -0.12473476039  -0.42883028959  -0.5912232912  0.38267044027  -0.42096094475  0.26694850423  -0.1868757883  -0.67349080238  -0.98397332519  0.077473724358  1.0329986071  -0.62464955715  -0.10825854993  0.3906404748  -0.34949412916  -0.35397051768  
229.0345  -0.65372186916  -0.42201662474  -0.2264722453  1.0858693167  -0.14548903806  -0.48213584414  -0.66513548187  0.40953379252  -0.4735037026  0.2937128442  -0.20026183034  -0.75685809495  -1.0823054733  0.090472166572  1.1231036945  -0.69148771545  -0.11914644969  0.43244048542  -0.39038725762  -0.40046464345  
228.5112  -0.74633117231  -0.48143713622  -0.28600213066  1.1671157604  -0.16896812264  -0.54011495167  -0.74547717387  0.43609061368  -0.53082444775  0.32213135431  -0.21331132615  -0.84746239786  -1.1866779424  0.10512022649  1.2167080173  -0.76304177742  -0.13044603779  0.47679411912  -0.4346163767  -0.45141603787  
227.9902  -0.84901202238  -0.54739305281  -0.3541640441  1.2499664202  -0.19540807845  -0.60287196306  -0.83236343609  0.46197218764  -0.59309860842  0.35218043577  -0.2257667764  -0.94546927456  -1.2970125258  0.12153462992  1.3134005359  -0.83933947052  -0.14204422061  0.52357308915  -0.48225012452  -0.50699175827  
227.4716  -0.96237144442  -0.62030850457  -0.431590289  1.3339164012  -0.22504656755  -0.67046238429  -0.92583530832  0.48677330965  -0.66047134599  0.38382001147  -0.23733969901  -1.05097685  -1.4131770281  0.13982456136  1.4127006272  -0.9203716247  -0.15380005595  0.57259956982  -0.53332926151  -0.56732372937  
226.9553  -1.0869794964  -0.70059009202  -0.51888348135  1.4184129507  -0.25811964332  -0.74288478919  -1.0258481665  0.51005505393  -0.73305225634  0.4169928496  -0.24771148546  -1.1640061912  -1.5349844131  0.16008833428  1.514059519  -1.0060904115  -0.16554235908  0.62364325516  -0.58786301867  -0.6325017781  
226.4414  -1.2233564264  -0.78861863432  -0.61660419862  1.502860713  -0.29485814577  -0.82007267454  -1.1322601141  0.53134855828  -0.81091011699  0.45162412275  -0.25653501264  -1.2844920507  -1.6621929828  0.18240976786  1.6168631156  -1.0964083035  -0.17706751621  0.67641918766  -0.64582557633  -0.70256653993  
225.9298  -1.3719592136  -0.88474027004  -0.72525807427  1.5866282529  -0.33548372357  -0.90188643139  -1.2448206654  0.55015985217  -0.89406779342  0.48762122717  -0.2634370683  -1.4122742312  -1.7945076579  0.20685431564  1.720436262  -1.1911978537  -0.18813758334  0.73058650691  -0.70715275487  -0.77750237675  
225.4205  -1.5331677287  -0.98925701504  -0.84528255427  1.6690558091  -0.38020451999  -0.98810562743  -1.363160015  0.56597573108  -0.98249742469  0.52487388187  -0.2680216337  -1.5470898429  -1.9315824056  0.23346500462  1.8240484634  -1.2902923822  -0.19847875247  0.78574826028  -0.77173900185  -0.85723046224  
224.9135  -1.707270788  -1.1024169092  -0.97703356035  1.7494642021  -0.42921057186  -1.0784218137  -1.4867792095  0.57827065299  -1.0761160128  0.56325452167  -0.26987404833  -1.6885667328  -2.0730238286  0.26225825646  1.9269210371  -1.393487639  -0.20778026913  0.84145240428  -0.83943476103  -0.9416022041  
224.4088  -1.8944524067  -1.2244039109  -1.1207723283  1.827164786  -0.48266898362  -1.1724320829  -1.6150415545  0.58651460517  -1.1747815416  0.60261899223  -0.26856606071  -1.836218361  -2.2183958982  0.29321967459  2.0282356371  -1.5005444875  -0.21569388575  0.89719410582  -0.9100443085  -1.0303931814  
223.9063  -2.0947785899  -1.3553277236  -1.2766527087  1.9014703019  -0.54071894967  -1.2696336172  -1.7471655998  0.59018185953  -1.2782897472  0.64280754813  -0.26366174524  -1.989440391  -2.3672257785  0.32629989222  2.1271440508  -1.6111926297  -0.22183393305  0.95241942808  -0.98332413762  -1.12329778  
223.4061  -2.3081850172  -1.4952137641  -1.4447092292  1.9717064557  -0.60346671001  -1.3694194671  -1.8822200437  0.58876050552  -1.3863716579  0.68364614778  -0.25472423955  -2.1475092404  -2.5190106541  0.3614105856  2.2227791277  -1.7251353613  -0.22577808762  1.0065304551  -1.0589819702  -1.2199247097  
222.9081  -2.5344659913  -1.6439935018  -1.6248462231  2.0372240136  -0.67098053346  -1.4710758008  -2.0191208899  0.58176262035  -1.498692008  0.72494803191  -0.24132322897  -2.3095828108  -2.6732254371  0.39842076364  2.3142666618  -1.8420553116  -0.22706890661  1.0588918742  -1.1366764638  -1.3197935772  
222.4123  -2.7732650215  -1.8014954166  -1.8168283278  2.0974111839  -0.74328583104  -1.5737808565  -2.1566311695  0.56873490904  -1.6148486182  0.76651556509  -0.22304307731  -2.4747035741  -2.8293311962  0.43715344918  2.4007380142  -1.9616210891  -0.22521619129  1.1088389951  -1.2160176757  -1.4223326817  
221.9187  -3.0240674028  -1.9674368338  -2.0202726427  2.1517060302  -0.82036050824  -1.6766058098  -2.2933635094  0.54926962193  -1.7343728154  0.80814231268  -0.19949147457  -2.6418041486  -2.9867841171  0.47738286781  2.4813432319  -2.083494714  -0.21970022884  1.1556871437  -1.2965683344  -1.5268781754  
221.4274  -3.2861951323  -2.1414169031  -2.2346428219  2.1996086476  -0.90213066826  -1.7785177482  -2.4277857871  0.52301553579  -1.8567309439  0.84961531977  -0.17030844591  -2.8097154406  -3.1450447784  0.51883225704  2.5552643908  -2.2073396856  -0.20997594731  1.1987423204  -1.3778459543  -1.6326747095  
220.9381  -3.558804465  -2.3229109854  -2.4592453461  2.2406928233  -0.98846677925  -1.8783849084  -2.5582300574  0.48968876789  -1.9813269951  0.89071755294  -0.13517554067  -2.9771773635  -3.3035875017  0.56117240152  2.6217288749  -2.3328294915  -0.19547800147  1.2373129713  -1.459325818  -1.7388776547  
220.4511  -3.8408863688  -2.5112667066  -2.6932281861  2.2746169025  -1.0791804164  -1.9749842956  -2.682904874  0.44908318049  -2.1075063557  0.93123046125  -0.093824998782  -3.1428520819  -3.4619095226  0.60402098863  2.6800222888  -2.4596563374  -0.1756267882  1.2707226707  -1.5404448334  -1.8445569465  
219.9662  -4.1312700755  -2.705701921  -2.9355820253  2.301133585  -1.1740216841  -2.0670117519  -2.7999110574  0.40108012719  -2.2345606446  0.97093660982  -0.046048673486  -3.3053396512  -3.619539715  0.64694286324  2.7295006982  -2.5875398436  -0.14983536908  1.2983234779  -1.6206062579  -1.9487025665  
219.4834  -4.4286298573  -2.9053048025  -3.1851441638  2.3200983923  -1.2726774159  -2.1530944917  -2.9072608777  0.34565729287  -2.3617335815  1.0096223374  0.0082935237588  -3.4631958564  -3.7760466056  0.68945124118  2.7696018978  -2.7162354307  -0.11751725548  1.3195096839  -1.6991852649  -2.0502316245  
219.0027  -4.731495077  -3.1090362548  -3.4406051692  2.3314765687  -1.3747702356  -2.2318060569  -3.0029005364  0.28289638597  -2.4882277989  1.0470803882  0.069265898147  -3.6149519766  -3.9310454186  0.73100991751  2.7998554193  -2.8455421009  -0.078094988223  1.3337316412  -1.7755353136  -2.1479969605  
218.5241  -5.0382634753  -3.3157347872  -3.7005182846  2.3353482042  -1.4798585524  -2.3016835855  -3.0847357412  0.21298945511  -2.6132124822  1.0831124708  0.13685020934  -3.7591361366  -4.0842039089  0.77103648001  2.8198910125  -2.97530931  -0.031009419998  1.3405093354  -1.8489952632  -2.2407971363  
218.0476  -5.3472175675  -3.5241239625  -3.9633115425  2.3319114079  -1.5874375409  -2.3612472162  -3.1506600755  0.13624362246  -2.7358316954  1.1175316966  0.21094011011  -3.8942958447  -4.2352467662  0.80890650952  2.829445365  -3.1054426251  0.024270414347  1.3394453479  -1.9188971635  -2.3273876429  
217.5732  -5.6565439308  -3.7328224681  -4.2273024742  2.3214834003  -1.6969411397  -2.4090213872  -3.1985857761  0.053084052219  -2.8552132311  1.1501648567  0.29133701117  -4.0190212609  -4.3839584044  0.84395871938  2.8283668603  -3.235907874  0.088236977532  1.3302368489  -1.9845746341  -2.4064931036  
217.1009  -5.964355072  -3.9403568061  -4.4907152421  2.3044994389  -1.8077450809  -2.4435577194  -3.2264764443  -0.035944995588  -2.9704778004  1.1808544991  0.37774757778  -4.1319686998  -4.5301839919  0.87550095565  2.8166182186  -3.366733508  0.16133361837  1.3126862636  -2.0453717347  -2.4768202165  
216.6306  -6.2687134826  -4.145176536  -4.7516999672  2.2815095464  -1.9191709365  -2.4634591109  -3.2323811431  -0.13018113918  -3.08074837  1.2094607738  0.46978303718  -4.2318838417  -4.6738286224  0.90281695095  2.7942769128  -3.4980109337  0.24394384704  1.2867102742  -2.1006522182  -2.5370711465  
216.1623  -6.5676574104  -4.3456719438  -5.0083539701  2.2531730596  -2.0304911485  -2.467404615  -3.214469257  -0.22884694995  -3.1851594439  1.2358630227  0.5669604421  -4.3176241111  -4.8148545803  0.9251736968  2.7615333029  -3.6298926068  0.33638069142  1.2523468423  -2.1498090481  -2.5859570562  
215.696  -6.8592278156  -4.540193945  -5.2587445938  2.2202510744  -2.1409349816  -2.4541746206  -3.1710654443  -0.33105515811  -3.282866088  1.2599610934  0.66870599646  -4.3881796838  -4.9532767065  0.94182927569  2.7186864863  -3.7625877335  0.43887634169  1.209759977  -2.1922740521  -2.6222114471  
215.2318  -7.141495926  -4.7270759709  -5.5009332393  2.1835969168  -2.2496953163  -2.4226758169  -3.1006839653  -0.43581597453  -3.3730525013  1.2816763695  0.77436050404  -4.4426926017  -5.0891559288  0.9520409738  2.6661379135  -3.8963554834  0.55157230013  1.159242024  -2.2275275825  -2.6446029844  
214.7695  -7.4125907797  -4.9046575276  -5.733000209  2.1441448168  -2.3559361781  -2.371965396  -3.00206165  -0.54204646939  -3.4549399509  1.3009525123  0.8831869524  -4.4804735073  -5.2225910782  0.955073481  2.6043828739  -4.0314956835  0.67451025747  1.1012133058  -2.2551080438  -2.6519474838  
214.3093  -7.6707261257  -5.0713090662  -5.9530699297  2.1028970154  -2.4588008778  -2.3012739299  -2.8741887634  -0.64858190494  -3.5277939074  1.3177559192  0.99438019149  -4.501015563  -5.3537091663  0.95020697617  2.5340000012  -4.1683370411  0.80762391838  1.0362190101  -2.2746211507  -2.6431187623  
213.851  -7.9142260657  -5.2254577576  -6.1593361112  2.0609095728  -2.5574206232  -2.2100263631  -2.7163370434  -0.75418887777  -3.5909302433  1.3320759104  1.107078613  -4.5040051816  -5.4826543503  0.93674489486  2.455638997  -4.3072230149  0.95073199394  0.96492329677  -2.2857487744  -2.6170580855  
213.3946  -8.141548846  -5.3656137282  -6.3500863928  2.0192771823  -2.650923444  -2.0978605714  -2.5280842172  -0.8575800886  -3.6437203874  1.3439246588  1.2203776822  -4.4893292765  -5.6095758603  0.91402118173  2.3700068074  -4.448495537  1.1035325699  0.88810066494  -2.2882572365  -2.572781989  
212.9402  -8.3513082592  -5.4903962872  -6.523726031  1.979117324  -2.7384432681  -1.9646429737  -2.3093343625  -0.95743052357  -3.6855953659  1.3533368876  1.3333451205  -4.4570788251  -5.7346152001  0.88140684403  2.2778525196  -4.592476868  1.2655990459  0.80662470211  -2.2820049123  -2.5093883051  
212.4877  -8.5422921844  -5.5985596626  -6.6788001982  1.941554107  -2.8191289751  -1.8104807277  -2.0603335481  -1.0523948027  -3.7160486976  1.3603693596  1.4450374872  -4.4075486362  -5.8578929657  0.83831564247  2.1799512738  -4.7394499406  1.4363778209  0.72145440951  -2.2669490044  -2.4260602894  
212.0372  -8.7134778787  -5.6890177574  -6.8140144818  1.9077021609  -2.892153256  -1.6357301028  -1.781680279  -1.1411254286  -3.7346381538  1.365100186  1.5545178625  -4.3412333157  -5.9794956467  0.78420878378  2.0770874969  -4.8896376201  1.6151878784  0.63361837043  -2.2431513532  -2.3220688062  
211.5885  -8.8640437328  -5.760867448  -6.9282532039  1.8786509346  -2.9567211086  -1.4410006987  -1.4743303781  -1.2222916511  -3.7409864353  1.3676279852  1.6608742927  -4.2588195224  -6.0994627866  0.71859851188  1.9700377794  -5.0431813717  1.8012223957  0.54419709306  -2.2107831528  -2.1967726111  
211.1418  -8.9933773149  -5.8134099684  -7.0205952188  1.8554497498  -3.0120778059  -1.2271552661  -1.1395960477  -1.2945986548  -3.7347808573  1.3680709183  1.763238624  -4.1611747114  -6.2177748806  0.6410505332  1.8595537141  -5.2001198746  1.9935524716  0.45430391562  -2.1701284469  -2.0496168356  
210.6969  -9.1010796407  -5.8461699543  -7.0903268875  1.8390939334  -3.057516188  -0.99530498407  -0.77913898225  -1.3568067695  -3.7157721748  1.3665656286  1.8608053275  -4.0493326526  -6.3343423773  0.55118525281  1.7463450118  -5.3603681629  2.1911330325  0.36506490792  -2.1215862832  -1.8801298541  
210.2539  -9.1869657277  -5.8589117636  -7.1369519753  1.8305123249  -3.0923831424  -0.74680014942  -0.39495752935  -1.4077504067  -3.6837727123  1.3632661089  1.9528498956  -3.9244761022  -6.4489961313  0.44867784181  1.6310631936  -5.5236978947  2.3928109391  0.277598237  -2.0656714133  -1.6879187801  
209.8128  -9.2510616063  -5.8516527427  -7.1601982708  1.8305564141  -3.1160851582  -0.48321634841  0.010631972935  -1.4463564321  -3.6386539921  1.3583425127  2.038746388  -3.787917077  -6.5614796244  0.3332571995  1.5142861455  -5.6897193583  2.5973352789  0.19299348549  -2.0030134296  -1.4726638967  
209.3735  -9.2935980687  -5.8246731627  -7.1600207728  1.839991316  -3.1280928639  -0.20633628486  0.43501942886  -1.4716616909  -3.5803440756  1.3519799242  2.1179837012  -3.6410752433  -6.6714432305  0.20470391638  1.3965037949  -5.857865811  2.8033697911  0.11229141739  -1.9343542455  -1.2341123741  
208.936  -9.3150015316  -5.7785226166  -7.1366013509  1.859488741  -3.127944482  0.081872449142  0.87533041448  -1.482829424  -3.5088248475  1.3443770911  2.1901801511  -3.4854549781  -6.7784407534  0.06284738222  1.2781051438  -6.0273807188  3.0095073283  0.036464678819  -1.8605438295  -0.97207166692  
208.5004  -9.3158824719  -5.7140227295  -7.0903448314  1.8896220579  -3.1152481639  0.37928327318  1.3284603216  -1.4791643218  -3.4241294761  1.3357451176  2.255095978  -3.3226216867  -6.8819284136  -0.092437782663  1.1593668669  -6.1973084131  3.2142862254  -0.033600100438  -1.7825341247  -0.68640299921  
208.0666  -9.2970219528  -5.6322661045  -7.021871517  1.930863488  -3.0896831965  0.68363970783  1.7911126388  -1.4601259895  -3.3263402797  1.3263061083  2.3126434172  -3.1541779732  -6.9812663986  -0.26123576765  1.0404436537  -6.3664886161  3.4162084072  -0.097118373421  -1.7013710945  -0.37701535635  
207.6346  -9.2593568009  -5.534611488  -6.9320061945  1.9835834099  -3.0510001024  0.99258708955  2.2598407122  -1.4253406109  -3.2155872148  1.316291743  2.3628940157  -2.981740251  -7.0757230296  -0.44359385859  0.92136044377  -6.5335552031  3.6137590326  -0.1534215253  -1.6181848611  -0.043860386911  
207.2043  -9.2039640104  -5.4226752007  -6.8217637312  2.0480516944  -2.9990196843  1.3037062784  2.7310922691  -1.374610623  -3.0920471773  1.305941756  2.4060829308  -2.8069163589  -7.1644815367  -0.63952673519  0.80200668075  -6.6969394679  3.8054274437  -0.20196817689  -1.5341779209  0.31307140822  
206.7759  -9.1320449454  -5.2983189332  -6.6923314024  2.124440931  -2.9336310937  1.6145486741  3.2012559458  -1.3079222305  -2.955944277  1.2955022823  2.4426099997  -2.6312847056  -7.2466493655  -0.8490205406  0.6821326832  -6.8548780514  3.9897291627  -0.24235267795  -1.4506114494  0.69375286751  
206.3492  -9.0449098797  -5.1636340552  -6.5450481329  2.2128313617  -2.8547890301  1.922671819  3.6667090402  -1.2254506111  -2.807551205  1.2852240312  2.473037437  -2.4563754151  -7.3212698845  -1.0720364921  0.56134820893  -7.0054255655  4.1652286565  -0.27431059594  -1.36878974  1.0981204683  
205.9243  -8.9439633651  -5.0209226236  -6.3813808644  2.3132172874  -2.7625102003  2.2256748534  4.1238657094  -1.127562681  -2.6471917631  1.2753602364  2.4980840882  -2.2836538761  -7.3873362995  -1.308513817  0.43912327011  -7.146471821  4.3305625746  -0.29772107958  -1.2900428498  1.5260725329  
205.5011  -8.8306908441  -4.8726753073  -6.202898296  2.4255146824  -2.6568691899  2.5212330874  4.5692248522  -1.0148173065  -2.4752445767  1.2661643294  2.5186162423  -2.114507029  -7.443807534  -1.5583718217  0.314791239  -7.2757634334  4.4844631547  -0.3126060506  -1.215707569  1.9774652227  
205.0797  -8.7066468405  -4.7215464657  -6.0112422661  2.5495697206  -2.5379939124  2.8071309774  4.9994169512  -0.88796287025  -2.2921479485  1.2578872825  2.5356350865  -1.9502326379  -7.4896257886  -1.821510932  0.18755426979  -7.3909294514  4.6257814881  -0.31912625045  -1.1471068654  2.4521062898  
204.6599  -8.5734449559  -4.5703266303  -5.8080970682  2.6851679066  -2.4060608169  3.0812928353  5.4112492037  -0.74793211505  -2.0984057579  1.2507745638  2.5502609678  -1.7920317179  -7.5237354562  -2.0978125793  0.056491048952  -7.4895105248  4.7535103354  -0.31757423786  -1.0855280033  2.9497466487  
204.2419  -8.4327497965  -4.4219126447  -5.595157011  2.8320434938  -2.2612900389  3.3418106498  5.8017483334  -0.59583421017  -1.8945942486  1.2450626515  2.5637147072  -1.6410041953  -7.5451030432  -2.3871378461  -0.079433125407  -7.5689910134  4.8668061959  -0.30836449719  -1.0321995765  3.4700699247  
203.8257  -8.2862708392  -4.2792757141  -5.3740925481  2.9898888815  -2.1039406818  3.5869684758  6.1682005514  -0.43294400726  -1.6813694904  1.2409750611  2.5772962942  -1.4981478033  -7.5527377271  -2.6893248254  -0.22135394709  -7.6268333312  4.9650103422  -0.29202087383  -0.98826774536  4.0126802236  
203.411  -8.1357581377  -4.1454276096  -5.1465153169  3.1583636965  -1.934306412  3.8152629235  6.5081882146  -0.26068847579  -1.4594752519  1.2387178456  2.5923613637  -1.3643601332  -7.545712174  -3.0041846928  -0.37049341336  -7.6605137327  5.0476685542  -0.26916160152  -0.95477201226  4.5770884506  
202.9981  -7.982999662  -4.0233852645  -4.9139424372  3.3371032912  -1.7527115389  4.025419376  6.8196228141  -0.080630337457  -1.2297509746  1.2384745447  2.6102959341  -1.2404436894  -7.523183239  -3.3314965261  -0.52814288539  -7.667558681  5.1145493071  -0.24048222509  -0.93262091203  5.16269758  
202.5869  -7.829819971  -3.9161339884  -4.6777604318  3.5257264226  -1.5595077364  4.2164036597  7.1007740077  0.10555104964  -0.99313950241  1.240400573  2.632489948  -1.1271137368  -7.484412183  -3.6710009468  -0.69564395789  -7.6455808878  5.1656601969  -0.20673675118  -0.92256804043  5.7687873359  
202.1773  -7.6780798363  -3.8265895196  -4.4391891408  3.7238419203  -1.3550715404  4.3874289917  7.3502944917  0.29608146856  -0.75069419684  1.24461706  2.6603102142  -1.025008669  -7.428784057  -4.0223926887  -0.87436722167  -7.5923140974  5.2012624133  -0.16871737929  -0.92518887798  6.3944987919  
201.7694  -7.529676372  -3.7575591307  -4.1992460135  3.9310541938  -1.1398027283  4.5379581355  7.567240576  0.48911615274  -0.50358505499  1.2512041748  2.6950733982  -0.93470258655  -7.3558259308  -4.3853122241  -1.065689032  -7.5056456902  5.2218831028  -0.12723317487  -0.94085890046  7.0388194257  
201.3631  -7.3865431792  -3.7117020098  -3.9587111718  4.1469674797  -0.9141236582  4.6677007899  7.7510883913  0.68276644967  -0.25310344866  1.2601940011  2.7380197393  -0.85671973672  -7.2652236737  -4.7593365993  -1.2709664303  -7.3836462155  5.2283254944  -0.08308804778  -0.96973349256  7.7005691796  
200.9584  -7.2506499958  -3.6914891476  -3.7180936554  4.3711887798  -0.67847960725  4.7766063338  7.9017457051  0.87512861054  -6.6511841698E-4  1.2715630536  2.7902881938  -0.79155044372  -7.1568370325  -5.1439696439  -1.4915104077  -7.2245950216  5.2216766903  -0.03705839247  -1.0117301985  8.3783880731  
200.5554  -7.1240013367  -3.6991629832  -3.4775992703  4.6033294839  -0.43334011279  4.8648521351  8.0195593635  1.0643144226  0.25218891257  1.2852245607  2.8528937061  -0.73966814239  -7.0307127908  -5.5386317252  -1.7285577451  -7.0270012421  5.2033130503  0.010129266997  -1.0665138509  9.0707258974  
200.154  -7.0086336354  -3.7366970923  -3.2371004824  4.8430057198  -0.17920127886  4.9328277073  8.1053183992  1.2484833445  0.50379379477  1.3010206736  2.9267072934  -0.70154712296  -6.8870958365  -5.9426492247  -1.9832417168  -6.7896195055  5.1749031244  0.057820302536  -1.1334851169  9.7758344866  
199.7541  -6.9066104426  -3.8057562419  -2.9961088144  5.0898375046  0.083411028276  4.9811150649  8.1602528561  1.4258757464  0.75236490828  1.3187147919  3.0124395997  -0.67768059543  -6.7264380053  -6.3552439071  -2.2565620006  -6.5114598751  5.1384081028  0.10545337639  -1.2117729868  10.491763019  
199.3559  -6.8200152965  -3.9076571837  -2.7537502271  5.343446803  0.35393721176  5.0104656796  8.1860283828  1.5948468033  0.99600467515  1.3379842299  3.1106285161  -0.66859869025  -6.5494046119  -6.7755223557  -2.5493541966  -6.1917916789  5.0960797689  0.15258092741  -1.3002317025  11.216356747  
198.9593  -6.7509419676  -4.0433306168  -2.5087439837  5.6034546165  0.63177935544  5.0217744805  8.1847366322  1.7539005363  1.2327122  1.3584134778  3.2216313946  -0.67488602496  -6.3568786174  -7.2024656411  -2.8622594156  -5.8301410634  5.0504559444  0.19888849861  -1.397442589  11.947259493  
198.5642  -6.7014818717  -4.2132848101  -2.2593855235  5.8694772336  0.91629620028  5.0160513657  8.1588814861  1.901723453  1.4603957171  1.3794883302  3.3456222855  -0.69719848417  -6.1499624212  -7.6349193893  -3.1956944587  -5.4262822859  5.0043534153  0.24421268154  -1.5017211968  12.681920185  
198.1707  -6.6737085565  -4.4175714386  -2.0035338866  6.1411217702  1.2067978988  4.9943907085  8.1113610971  2.0372172035  1.6768877204  1.4005911805  3.4825945145  -0.73627888083  -5.9299772962  -8.0715844219  -3.5498231643  -4.9802229526  4.9608583172  0.28855747772  -1.611130105  13.417603656  
197.7788  -6.6696592803  -4.6557542511  -1.7386042548  6.4179811126  1.5025407812  4.9579393398  8.0454457096  2.1595296436  1.8799625504  1.4209977776  3.6323687849  -0.79297118998  -5.6984605148  -8.5110081467  -3.9245295465  -4.4921836006  4.9233139436  0.33210889984  -1.723497659  14.151405839  
197.3884  -6.6913138239  -4.9268812402  -1.4615661861  6.6996283501  1.8027223802  4.9078634775  7.9647511954  2.2680836891  2.0673561059  1.4398757481  3.7946068348  -0.86823307159  -5.4571602395  -8.9515768972  -4.3193933901  -3.9625722088  4.8953059158  0.37524765516  -1.8364428311  14.880273467  
196.9995  -6.7405707934  -5.2294610364  -1.1689481333  6.9856107506  2.1064769646  4.8453150531  7.8732082144  2.3626033514  2.2367872485  1.4562851651  3.9688305239  -0.96314642624  -5.2080282698  -9.3915094417  -4.7336689976  -3.3919544028  4.8806446237  0.41855976863  -1.9474063031  15.60102831  
196.6122  -6.8192217918  -5.5614442786  -0.85684883572  7.275443288  2.412871827  4.7713978549  7.7750268916  2.4431363712  2.3859803736  1.4691814195  4.1544460414  -1.0789257563  -4.9532107527  -9.8288519208  -5.1662677944  -2.7810202782  4.8833448126  0.46284501538  -2.0536877617  16.310395958  
196.2264  -6.9289239425  -5.9202107305  -0.52095616892  7.5686016835  2.7209045542  4.6871338687  7.674656901  2.5100729092  2.5126885408  1.4774206021  4.3507727518  -1.2169241371  -4.6950369793  -10.26147451  -5.6157455011  -2.1305489147  4.9076021534  0.50912303854  -2.152489293  17.00503909  
195.8421  -7.0711713483  -6.3025629093  -0.15657401368  7.8645148735  3.0295014836  4.5934301552  7.5767428499  2.5641598167  2.6147164874  1.479767545  4.5570760101  -1.3786366355  -4.4360063968  -10.687070156  -6.0802945585  -1.441371765  4.9577665952  0.55863703078  -2.2409646475  17.681595182  
195.4593  -7.247266152  -6.7047269637  0.24134232607  8.1625567643  3.3375175097  4.4910465547  7.4860748841  2.6065100889  2.6899428023  1.4749065911  4.7726030968  -1.565701054  -4.1787739786  -11.103155792  -6.557742455  -0.71433619567  5.0383122604  0.61285485523  -2.3162740286  18.336718539  
195.078  -7.4582899329  -7.1223614849  0.67814168097  8.4620370936  3.6437373628  4.3805644617  7.4075344762  2.638607203  2.7363405086  1.4614550672  4.9966212552  -1.7798959161  -3.926134099  -11.507076481  -7.045556545  0.049729488929  5.1538036132  0.67346747415  -2.3756439403  18.967126526  
194.6982  -7.7050762213  -7.550574857  1.1594231435  8.7621911772  3.9468784231  4.2623568613  7.3460354213  2.6623041508  2.751995302  1.4379793248  5.2284566557  -2.0231356617  -3.681003075  -11.896013012  -7.5408558702  0.85004818905  5.3088576019  0.74238454191  -2.4164315102  19.569649872  
194.3199  -7.988184941  -7.9839516452  1.6909724508  9.0621682966  4.2455950741  4.1365597714  7.3064601437  2.679817101  2.7351207163  1.403013092  5.4675329772  -2.2974630693  -3.4464005452  -12.266993485  -8.0404303943  1.6859219809  5.5081014631  0.82172700276  -2.4361925903  20.141286848  
193.943  -8.3078795941  -8.4165883929  2.2786884231  9.3610184695  4.5384845304  4.0030451899  7.2935915208  2.6937137534  2.6840695375  1.3550777432  5.7134081871  -2.6050389853  -3.2254298763  -12.616909504  -8.5407679497  2.5567546345  5.7561258728  0.91381651465  -2.4327528237  20.679261131  
193.5676  -8.6641079869  -8.8421390447  2.9284993925  9.6576773529  4.8240940043  3.8613956017  7.312040545  2.7068965765  2.5973408687  1.2927039567  5.9658080266  -2.9481295055  -3.021257804  -12.942537558  -9.0380890587  3.4620674846  6.0574331424  1.0211614977  -2.4042807642  21.181083091  
193.1936  -9.0564872532  -9.2538700422  3.6462697183  9.9509490531  5.1009290026  3.7108800679  7.3661702789  2.7225812492  2.4735823559  1.2144540866  6.2246546675  -3.3290908256  -2.8370935439  -13.240566214  -9.5283896475  4.4015075837  6.4163801923  1.1464395821  -2.3493620354  21.644614212  
192.8211  -9.4842938694  -9.644724958  4.4376966631  10.239486663  5.3674624745  3.5504318875  7.4600167014  2.744270744  2.3115872188  1.1189444369  6.4900890124  -3.7503520549  -2.6761676364  -13.507629697  -10.007491518  5.3748472251  6.8371160915  1.2924762043  -2.2670734324  22.068134245  
192.45  -9.9464592689  -10.007398336  5.3081981089  10.521770413  5.6221444628  3.3786278016  7.5972071955  2.7757255927  2.1102858854  1.0048664993  6.7624851571  -4.2143963699  -2.5417108248  -13.740348342  -10.471100271  6.3819741026  7.3235140283  1.4622190783  -2.1570557943  22.450410648  
192.0804  -10.44157156  -10.334418215  6.2627918061  10.796083424  5.8634118498  3.1936686987  7.780877581  2.8209309619  1.8687322137  0.87100610352  7.0424556294  -4.7237409644  -2.4369333049  -13.935376367  -10.914870229  7.422871586  7.8790976857  1.6587082463  -2.019584416  22.790769731  
191.7121  -10.967883724  -10.618236622  7.3059670873  11.060485133  6.0896977361  2.9933617754  8.0135887507  2.8840612261  1.5860844713  0.71625934108  7.3308461669  -5.2809163354  -2.3650047285  -14.08945722  -11.334475704  8.4975888099  8.5069621229  1.8850413973  -1.8556357228  23.089168804  
191.3453  -11.523328534  -10.851327139  8.4415502151  11.312782633  6.2994399482  2.7751041206  8.2972441102  2.9694427568  1.2615814548  0.53964406804  7.6287189821  -5.8884455187  -2.3290353836  -14.199486614  -11.725687843  9.6062005136  9.2096894254  2.144334137  -1.6669489062  23.346268484  
190.9799  -12.105540276  -11.026288483  9.6725647851  11.550500264  6.4910881434  2.5358677082  8.6330091519  3.0815156525  0.89451433944  0.34030577369  7.9373237104  -6.5488239554  -2.3320590196  -14.26258316  -12.084456088  10.748756808  9.9892595677  2.439674893  -1.4560812112  23.563504156  
190.6158  -12.711883202  -11.135952899  11.001088847  11.770847999  6.6631089663  2.272185822  9.0212346065  3.2247950993  0.48419505936  0.11751662861  8.2580555112  -7.2645007232  -2.377017824  -14.276166254  -12.406993167  11.925223288  10.846957142  2.7740741608  -1.2264555778  23.743155408  
190.2532  -13.339486456  -11.173498048  12.428110647  11.970689284  6.8139887129  1.9801409845  9.4613846978  3.403832994  0.029922221368  -0.12933339648  8.5924001176  -8.0378619001  -2.4667500906  -14.238040614  -12.6898624  13.135412134  11.783274835  3.1504078319  -0.98239937549  23.888412076  
189.8919  -13.985285073  -11.132560992  13.953385119  12.146509192  6.9422329828  1.6553545253  9.9519720842  3.6231803619  -0.46905426046  -0.40075431766  8.9418659781  -8.8712168411  -2.6039811453  -14.146486569  -12.930065975  14.378905075  12.797814787  3.5713544066  -0.72917302472  24.003435348  
189.532  -14.64606646  -11.007352806  15.575293451  12.294383893  7.046362837  1.2929780041  10.490501086  3.8873509834  -1.0135684575  -0.69718361564  9.3079040148  -9.7667881261  -2.7913181047  -14.000354906  -13.125132776  15.654969283  13.889189215  4.0393259783  -0.47298738141  24.093412195  
189.1735  -15.318521625  -10.792772354  17.290708219  12.409952594  7.1249070376  0.8876867968  11.073420786  4.2007864908  -1.6045721626  -1.0190239401  9.6918159102  -10.726705893  -3.0312490406  -13.799164765  -13.273204226  16.962467424  15.054921969  4.5563929955  -0.22100886076  24.164601213  
188.8163  -15.999300264  -10.484517738  19.094866734  12.488393243  7.176390028  0.43367626263  11.696089521  4.5678230313  -2.2431654892  -1.3666912669  10.094652238  -11.753007176  -3.3261471014  -13.543202783  -13.373116587  18.299763286  16.291352945  5.1242029538  0.018648596426  24.224367812  
188.4604  -16.685068707  -10.079194009  20.98125533  12.524403395  7.1993154038  -0.075338969338  12.352752193  4.9926594135  -2.9306227003  -1.7406733723  10.517102147  -12.847640742  -3.6782800945  -13.233621385  -13.424478059  19.664624489  17.593547535  5.7438933576  0.23694546693  24.28120654  
188.1059  -17.372569593  -9.5744157451  22.941507361  12.512187712  7.1921447448  -0.64612192173  13.036531673  5.4793264669  -3.6684116313  -2.1415980754  10.959376682  -14.012477764  -4.0898259651  -12.872533911  -13.42773904  21.054123875  18.955213557  6.415999509  0.42395308461  24.344748224  
187.7527  -18.0586821  -8.968903231  24.965317702  12.445453635  7.1532718098  -1.2859055845  13.739435401  6.031657166  -4.4582051185  -2.5703102489  11.421088203  -15.249328423  -4.5628945114  -12.463104002  -13.38425385  22.464541292  20.368628304  7.1403579382  0.56890498139  24.42574956  
187.4009  -18.740481469  -8.2625710249  27.040376458  12.317416753  7.0809922441  -2.0023796636  14.452378053  6.6532569019  -5.301882953  -3.0279561186  11.901128652  -16.559964335  -5.0995555479  -12.009626573  -13.296332243  23.89126745  21.824578557  7.9160065808  0.66026334029  24.536062754  
187.0504  -19.415296583  -7.4566078371  29.152324501  12.120817349  6.9734691128  -2.803670656  15.16522089  7.3474731362  -6.2015230421  -3.5160728773  12.397549725  -17.946146351  -5.7018735766  -11.517597566  -13.167279041  25.328711629  23.312316516  8.7410831233  0.68580056727  24.688582837  
186.7011  -20.080764351  -6.5535467252  31.284733283  11.84794955  6.8286947471  -3.6983140004  15.866828155  8.1173635603  -7.159380685  -4.0366811473  12.907448208  -19.409657016  -6.3719488383  -10.993769692  -13.001420257  26.770214944  24.819534721  9.61272328  0.63269577989  24.897170416  
186.3532  -20.73487973  -5.5573247164  33.419111144  11.490704329  6.644449577  -4.6952169285  16.545140542  8.9656618021  -8.1778551473  -4.5923773561  13.426859909  -20.952336588  -7.1119644064  -10.446191401  -12.804114117  28.207970936  26.332363003  10.526961122  0.48764580289  25.176547736  
186.0066  -21.376040278  -4.4733310515  35.534938094  11.040627452  6.4182588095  -5.8036105301  17.187265489  9.8947396951  -9.2594430524  -5.1864226576  13.950665689  -22.576121194  -7.9242387407  -9.8842265041  -12.581745474  29.632955169  27.835390484  11.47863393  0.23699005812  25.542166207  
185.6612  -22.003084277  -3.3084433093  37.609730706  10.488993209  6.1473480098  -7.0329894716  17.779583709  10.906565143  -10.406678488  -5.8228246656  14.472513132  -24.283081326  -8.8112828577  -9.3185520653  -12.341702193  31.034865556  29.311715469  12.461294401  -0.13315145465  26.010043853  
185.3172  -22.615321613  -2.071050719  39.619138429  9.8268944915  5.8285988322  -8.3930377669  18.307871087  12.002654688  -11.622060147  -6.5064079814  14.98475731  -26.075458549  -9.7758609906  -8.7611325182  -12.092332214  32.402075089  30.743025838  13.467133342  -0.63672806491  26.596571529  
184.9744  -23.212556765  -0.77106399135  41.53707225  9.0453494441  5.4585063349  -9.8935390138  18.757434777  13.184020039  -12.907966266  -7.2428693121  15.478423952  -27.955697963  -10.821053311  -8.2251683549  -11.842880163  33.721598639  32.109712206  14.486916279  -1.287597359  27.318287261  
184.6329  -23.795103465  0.5800890019  43.335866204  8.1354245468  5.0331394901  -11.544269583  19.113262046  14.451107978  -14.266558606  -8.0388129235  15.943198101  -29.926473704  -11.950318985  -7.7250181945  -11.603402585  34.979075532  33.39101567  15.509937618  -2.0993543903  28.191618606  
184.2926  -24.363790803  1.9694823884  44.986471841  7.0883735868  4.5481066598  -13.354873392  19.360180222  15.803733357  -15.699677177  -8.9017622443  16.367441031  -31.990704537  -13.167557525  -7.2760935733  -11.384661094  36.15876957  34.565211397  16.523996113  -3.0851525352  29.232593616  
183.9536  -24.919960742  3.3827270215  46.458685291  5.8957915405  3.9985279466  -15.334717114  19.483025861  17.241005167  -17.208727892  -9.8401436763  16.738237768  -34.151556472  -14.477166122  -6.8947263791  -11.197993092  37.243588244  35.609828676  17.515395469  -4.2575174322  30.456521717  
183.6158  -25.465457251  4.8040215462  47.721406158  4.5497819408  3.3790164358  -17.492725012  19.466821133  18.761246019  -18.794565747  -10.863239055  17.041477121  -36.412429279  -15.88409034  -6.5980094658  -11.055159986  38.215122871  36.501907258  18.468973778  -5.628155485  31.877646617  
183.2793  -26.002607411  6.2162206292  48.74292703  3.0431358499  2.6836704178  -19.837192951  19.296955304  20.361905782  -20.457376549  -11.981103767  17.261965558  -38.776923842  -17.393865363  -6.4036116205  -10.968173337  39.053711458  37.218288994  19.368165311  -7.20775843  33.508774293  
182.944  -26.534195071  7.6009212205  49.491251963  1.3695201004  1.9060787061  -22.375581711  18.959369129  22.039470518  -22.196560521  -13.204448242  17.383575649  -41.248787463  -19.012644731  -6.329568694  -10.949099782  39.73852608  37.735942808  20.195097809  -9.0058054673  35.360880008  
182.6099  -27.063427707  8.9385677458  49.934441886  -0.47632796861  1.0393411422  -25.114290275  18.440739989  23.789368306  -24.010621395  -14.544481438  17.389429133  -43.831834548  -20.74721343  -6.3940533245  -11.009846165  40.247686583  38.032320087  20.930727903  -11.030364434  37.442699338  
182.2771  -27.593897289  10.208577125  50.04098448  -2.4984024696  0.076106292281  -28.058410516  17.728665611  25.605873982  -25.897064732  -16.01271592  17.262113932  -46.529840535  -22.604982078  -6.6151262756  -11.161926876  40.558402358  38.085736464  21.555016624  -13.287893478  39.760309191  
181.9454  -28.12953595  11.389484478  49.780185685  -4.6992311823  -0.9913718088  -31.211465464  16.811844296  27.482015245  -27.85230931  -17.62073531  16.983933678  -49.346407496  -24.593959012  -7.0104729439  -11.416216076  40.647143859  37.875774974  22.047146136  -15.783044668  42.316705846  
181.615  -28.674567293  12.459110295  49.122579632  -7.0796819154  -2.1711562391  -34.575134225  15.680249682  29.409482997  -29.871615308  -19.379926078  16.537187546  -52.284800578  -26.72269717  -7.5971290623  -11.782688138  40.489845366  37.383704427  22.385777854  -18.518470962  45.111388018  
181.2857  -29.233454051  13.39474969  48.040353422  -9.6387771646  -3.4715277695  -38.148967548  14.325298209  31.378549131  -31.94903285  -21.301176955  15.904477361  -55.347755247  -29.000212903  -8.3912000134  -12.270150358  40.062140233  36.592905883  22.549350972  -21.49463799  48.139953912  
180.9577  -29.810842749  14.173384173  46.507782843  -12.37352141  -4.9008625029  -41.93009897  12.740007581  33.377995295  -34.077374135  -23.394550546  15.069038182  -58.53725629  -31.435874184  -9.4075784589  -12.88597268  39.339629516  35.489299125  22.516419245  -24.709642154  51.393722088  
180.6308  -30.411505789  14.771916048  44.501674749  -15.278745498  -6.4674860989  -45.91295746  10.919144674  35.395056397  -36.2482119  -25.668932989  14.015087745  -61.854290529  -34.039256149  -10.659665185  -13.635819858  38.298184396  34.061760188  22.266022531  -28.159036634  54.859386675  
180.3051  -31.040281203  15.167425241  42.001811503  -18.346972574  -8.1795046603  -50.088988411  8.8593614809  37.415382747  -38.451906383  -28.131668736  12.728189452  -65.298576357  -36.819962505  -12.15909814  -14.523392066  36.914282211  32.302520329  21.778088256  -31.835667103  58.518718024  
179.9806  -31.702010017  15.337447855  38.991392553  -21.568309937  -10.04461298  -54.446390681  6.5593178068  39.423024789  -40.677662224  -30.788188612  11.195622855  -68.868274346  -39.787412045  -13.91549461  -15.550180542  35.165375163  30.207536281  21.033856598  -35.729519099  62.348320241  
179.6573  -32.401470932  15.2602753  35.457467838  -24.930371022  -12.069881542  -58.969878164  4.0197895292  41.400444304  -42.913615905  -33.641640219  9.4067550022  -72.559684344  -42.950590387  -15.936211326  -16.715245207  33.030289891  27.776821368  20.016321875  -39.827579369  66.319457116  
179.3351  -33.143311717  14.915272219  31.391357441  -28.418231395  -14.261524416  -63.640474978  1.2437613094  43.328555749  -45.146953431  -36.692530499  7.3534054472  -76.366935652  -46.317767981  -18.226127054  -18.015021481  30.48965509  25.014727004  18.71068136  -44.113713797  70.397957755  
179.014  -33.931976453  14.2832108  26.789051521  -32.014422259  -16.624650971  -68.435353764  -1.7634973224  45.186801111  -47.364056968  -39.938390701  5.0301973365  -80.281677925  -49.896186519  -20.787451826  -19.443163576  27.526353229  21.930164348  17.104781663  -48.568564947  74.544212691  
178.6942  -34.771627529  13.346618379  21.651584276  -35.69896447  -19.16300514  -73.327726785  -4.9943735841  46.953261149  -49.550678151  -43.373474213  2.4348866765  -84.292781449  -53.691717028  -23.619566564  -20.990431406  24.12599118  18.536756444  15.189551901  -53.169472715  78.713270333  
178.3754  -35.666061144  12.090134485  15.985375383  -39.449445435  -21.878696793  -78.286799416  -8.4388718663  48.604805317  -51.692134769  -46.988497549  -0.43133825079  -88.386056256  -57.708494102  -26.718896256  -22.644627845  20.277383301  14.852912015  12.959412181  -57.890422029  82.85504234  
178.0578  -36.618614958  10.500872768  9.8025320855  -43.241140593  -24.771930502  -83.277795198  -12.084594128  50.117281929  -53.773526583  -50.770434375  -3.5635953381  -92.544000192  -61.948532017  -30.07881929  -24.390592465  15.973039154  10.901813314  10.412645563  -62.702022021  86.91462483  
177.7413  -37.63206658  8.5687824836  3.121104925  -47.04718036  -27.840737767  -88.262060906  -15.916741505  51.465749254  -55.779965155  -54.702371631  -6.95309278  -96.745586473  -66.41132963  -33.68961487  -26.210256938  11.209646765  6.7113118868  7.5517215468  -67.57152151  90.832740275  
177.426  -38.70852173  6.2870035175  -4.0347100651  -50.838762616  -31.080719337  -93.197258971  -19.918138447  52.624747229  -57.696811805  -58.763435725  -10.586966301  -100.96610139  -71.093472202  -37.538449762  -28.082766168  5.9885410677  2.3137279718  4.3835594433  -72.462866006  94.546302479  
177.1117  -39.849291192  3.65220826  -11.634429896  -54.585409859  -34.484804832  -98.037653144  -24.06928079  53.568608449  -59.509917239  -62.928795341  -14.448176319  -105.17704271  -75.988239339  -41.609404912  -29.984667771  0.31614606208  -2.2544486967  0.91972059896  -77.336801688  97.989104289  
176.7986  -41.054756137  0.66492307998  -19.641211022  -58.255269239  -38.043037171  -102.73449147  -28.348409189  54.271805872  -61.205855958  -67.169745728  -18.515471094  -109.34608879  -81.085229208  -45.883541821  -31.890170903  -5.7956217049  -6.9529565737  -2.8234804959  -82.1510319  101.09262459  
176.4866  -42.324221988  -2.6701783377  -28.011850516  -61.81545272  -41.742389565  -107.23648849  -32.731609384  54.709333508  -62.772148433  -71.453877406  -22.763420911  -113.43714764  -86.370009968  -50.33900783  -33.771473609  -12.329001418  -11.738255878  -6.8249548032  -86.860431625  103.78694789  
176.1756  -43.655761745  -6.3440178565  -36.696868537  -65.232413632  -45.56662276  -111.49040616  -37.192940678  54.857115126  -64.197464052  -75.745330138  -27.162527189  -117.41049409  -91.823809906  -54.951178926  -35.599155884  -19.260101482  -16.564112839  -11.058913847  -91.417325049  106.00178627  
175.8658  -45.046050576  -10.342900205  -45.640678041  -68.472354993  -49.496190013  -115.4417302  -41.704593898  54.692434777  -65.471798224  -80.005130803  -31.679409038  -121.22300139  -97.423258048  -59.692838024  -37.342633594  -26.55869168  -21.38226675  -15.495046051  -95.771830728  107.66759019  
175.5571  -46.490194473  -14.648352995  -54.781846882  -71.501664037  -53.508196785  -119.03543577  -46.237079882  54.194381794  -66.586617597  -84.191611529  -36.277068277  -124.82847224  -103.14018702  -64.534386266  -38.970666321  -34.188087051  -26.143169317  -20.098796637  -99.872277981  108.71673092  
175.2494  -47.981556849  -19.237027478  -64.053456443  -74.287366608  -57.576421434  -122.21683341  -50.759449201  53.344301866  -67.534968221  -88.260902258  -40.915232305  -128.17807143  -108.94150953  -69.444084377  -40.451910181  -42.105135692  -30.796783334  -24.831750803  -103.66569689  109.08473442  
174.9428  -49.511588031  -24.080667668  -73.383559657  -76.797594332  -61.671402192  -124.9324829  -55.2395434  52.12624483  -68.311542577  -92.167489738  -45.550772475  -131.22086053  -114.78917928  -74.388320851  -41.755504772  -50.260321348  -35.293425393  -29.652117116  -107.0983828  108.71154345  
174.6373  -51.069663727  -29.146154763  -82.695739822  -79.002056884  -65.76059455  -127.13116016  -59.64427747  50.52739913  -68.912702715  -95.864833022  -50.138193849  -133.90443163  -120.64024577  -79.331903454  -42.85168173  -58.597989838  -39.584635385  -34.515305238  -110.11653425  107.54278194  
174.3328  -52.642939503  -34.395632937  -91.909769836  -80.872511153  -69.808601699  -128.76485913  -63.939952616  48.538502319  -69.336458205  -99.306023839  -54.630190434  -136.17563511  -126.44701137  -84.238370379  -43.712380974  -67.056706101  -43.624053933  -39.374589208  -112.66696131  105.53099421  
174.0295  -54.216229214  -39.786721376  -100.94236958  -82.383218824  -73.7774791  -129.78980842  -68.092597614  46.154216765  -69.582399232  -102.4444788  -58.978258245  -137.98139273  -132.15729688  -89.070317329  -44.311859698  -75.569745865  -47.368287756  -44.181844795  -114.69785872  102.63682968  
173.7271  -55.771915949  -45.272816068  -109.708057  -83.511383684  -77.627112461  -130.16748027  -72.068336205  43.373459713  -69.651586799  -105.23464934  -63.1333569  -139.26958481  -137.71482  -93.789736787  -44.627278527  -84.065722871  -50.777742373  -48.888346873  -116.15963566  98.830143566  
173.4258  -57.289904475  -50.803483231  -118.12008624  -84.237559995  -81.315666513  -129.86556775  -75.833777056  40.199677225  -69.546403673  -107.63273474  -67.046608961  -139.98999746  -143.05968825  -98.358365809  -44.63924912  -92.469349076  -53.817401474  -53.445610476  -117.00579153  94.090984185  
173.1256  -58.747624185  -56.3249444  -126.0914637  -84.546023469  -84.800100023  -128.85890542  -79.356421877  36.641052187  -69.270371291  -109.59738319  -70.670024912  -140.09531259  -148.12900569  -102.73803879  -44.332327855  -100.7023216  -56.457532872  -57.806257313  -117.19382404  88.410438489  
172.8264  -60.120091266  -61.780651218  -133.53603052  -84.425096765  -88.036740535  -127.13030792  -82.605086344  32.710637565  -68.827939279  -111.09036618  -73.957240632  -139.54212159  -152.85758958  -106.89104182  -43.695441063  -108.68432631  -58.674302129  -61.924888068  -116.68615341  81.791309582  
172.5282  -61.380038037  -67.111945798  -140.36959763  -83.867422004  -90.981910389  -124.67130181  -85.550327543  28.426407469  -68.224255452  -112.07721213  -76.864253413  -138.29194112  -157.17879008  -110.78046541  -42.722228677  -116.33414418  -60.450276699  -65.758939844  -115.45104426  74.24860279  
172.2311  -62.498116235  -72.258800258  -146.51111725  -82.870173554  -93.592593809  -121.48272684  -88.164870863  23.811220189  -67.46492516  -112.52778616  -79.350142173  -136.31220773  -161.02540337  -114.37055255  -41.411295011  -123.5708427  -61.77480583  -69.269507773  -113.46350408  65.809800578  
171.9349  -63.443179405  -77.160626738  -151.88387246  -81.435205315  -95.827133188  -117.57518489  -90.424028493  18.892689313  -66.555769432  -112.41680412  -81.377757353  -133.57722731  -164.33066531  -117.62703936  -39.766357656  -130.31503117  -62.644264308  -72.422110023  -110.70613606  56.514911105  
171.6398  -64.182647471  -81.757146937  -156.41666484  -79.569127789  -97.645941329  -112.96931757  -92.306101177  13.702961206  -65.50259167  -111.72427111  -82.914366296  -130.06905429  -167.02930993  -120.51748542  -37.79628816  -136.49015583  -63.062151459  -75.18737627  -107.16992237  46.416280312  
171.3457  -64.682954139  -85.989307964  -160.04497856  -77.283311521  -99.012215293  -107.69589684  -93.792754462  8.2783994213  -64.310962532  -110.43583613  -83.932240505  -125.77827628  -169.05867468  -123.01159156  -35.515041101  -142.02380778  -63.039040509  -77.541641187  -102.8549137  35.57816313  
171.0526  -64.910074983  -89.800229301  -162.71209833  -74.593814863  -99.892636699  -101.79571705  -94.869360586  2.659179114  -62.986032077  -108.54305709  -84.409172164  -120.70468011  -170.35983182  -125.08150236  -32.941471302  -146.84901507  -62.592377291  -79.467426518  -97.770801012  24.076055378  
170.7605  -64.830131042  -93.136163787  -164.37015797  -71.521235481  -100.25804295  -95.31928154  -95.525297223  -3.1112030449  -61.532377384  -106.04357224  -84.328908644  -114.85777721  -170.87872368  -126.70209115  -30.099042146  -150.90548899  -61.746131332  -80.953797883  -91.937346381  11.995794125  
170.4694  -64.410059579  -95.947454071  -164.98109637  -68.090486587  -100.08405382  -88.326281863  -95.754194701  -8.9864954945  -59.953892541  -102.94117658  -83.681495346  -108.25716848  -170.56727796  -127.85122509  -27.015431148  -154.14079428  -60.530306391  -81.996585525  -85.384651578  -0.56755956644  
170.1793  -63.618340435  -98.189464774  -164.51749836  -64.330500454  -99.351638262  -80.88487309  -95.554123966  -14.9183247  -58.253726275  -99.245803909  -82.463519109  -100.93273162  -169.38447871  -128.51000796  -23.722041972  -156.51141336  -58.980321366  -82.598461632  -78.153245856  -13.511035624  
169.8902  -62.425763333  -99.823469901  -162.96329894  -60.273863333  -98.047607066  -73.070754177  -94.927718501  -20.856882018  -56.43427066  -94.973417166  -80.678246554  -92.92461774  -167.29736803  -128.66299824  -20.253434831  -157.98367629  -57.13627611  -82.76887058  -70.29397766  -26.725242292  
169.6021  -60.806218583  -100.81747479  -160.31433146  -55.95638744  -96.16501832  -64.966067684  -93.882224569  -26.751650369  -54.497202193  -90.145811776  -78.335653976  -84.283048223  -164.28195448  -128.29840006  -16.646689637  -158.53453042  -55.042119918  -82.523812329  -61.867699375  -40.095995508  
169.3149  -58.737491211  -101.14695218  -156.57870249  -51.416627126  -93.703484114  -56.658138424  -92.42947563  -32.552155157  -52.443574407  -84.790338156  -75.452347757  -75.067907373  -160.32400467  -127.40822464  -12.940718183  -158.15212689  -52.744743116  -81.885483175  -52.944739016  -53.506055902  
169.0287  -56.202036516  -100.79547289  -151.7769796  -46.695347651  -90.669368973  -48.238075399  -90.585788368  -38.20872286  -50.273958911  -78.939551074  -72.051376632  -65.348131543  -155.41969678  -125.98841954  -9.1755430576  -156.83620516  -50.293014297  -80.881781876  -43.604158241  -66.836935834  
168.7435  -53.187713764  -99.755212953  -145.94218138  -41.834956168  -87.075872755  -39.799265665  -88.371779577  -43.673230183  -47.988629646  -72.630794556  -68.161939497  -55.20090056  -149.5761169  -124.03896351  -5.3915618195  -154.59826161  -47.73678719  -79.54569289  -33.932801879  -79.970736733  
168.4592  -49.688454132  -98.027321016  -139.11956335  -36.878905483  -82.942993223  -31.435792274  -85.812105063  -48.899826668  -45.58778315  -65.905731788  -63.818994607  -44.71064258  -142.81158182  -121.56392454  -1.6288151431  -151.46149322  -45.125901811  -77.914561792  -24.024150153  -92.791976038  
168.1759  -45.704839216  -95.622132646  -131.36619772  -31.871081871  -78.297366248  -23.240811188  -82.935123642  -53.845614113  -43.071785903  -58.809829942  -59.062778099  -33.96786865  -135.15577581  -118.57147894  2.0737227367  -147.46051347  -42.509204525  -76.029280855  -13.976990827  -105.1893632  
167.8936  -41.244567549  -92.559220844  -122.75034945  -26.855188749  -73.171984363  -15.304923809  -79.772491289  -58.47126721  -40.441438432  -51.391809961  -53.938241543  -23.067858134  -126.64969238  -115.07388961  5.6788139808  -142.64084304  -39.933610862  -73.933405225  -3.8939342915  -117.05748556  
167.6122  -36.322788515  -88.867275866  -113.350656  -21.874138166  -67.605797255  -7.7145825003  -76.358692319  -62.741581291  -37.698244893  -43.703071263  -48.494419761  -12.109220612  -117.34537652  -111.08744205  9.1515717545  -137.05818441  -37.443233389  -71.672221897  6.1202000235  -128.29836749  
167.3317  -30.96228588  -84.583811197  -103.25512242  -16.969461989  -61.643200571  -0.55056618672  -72.730516248  -66.625935015  -34.844676258  -35.797100912  -42.783741383  -1.1923637035  -107.30546721  -106.63233698  12.460005783  -130.77749476  -35.078594839  -69.291794849  15.960092754  -138.82286957  
167.0522  -25.193496795  -79.75469663  -92.559948536  -12.180754307  -55.333422103  6.1134382953  -68.926490473  -70.098658211  -31.884415253  -27.728876289  -36.861295479  9.5821006225  -96.602544655  -101.73253933  15.575487586  -123.87187743  -32.875943909  -66.838010191  25.521692166  -148.55189921  
166.7736  -19.054356411  -74.433523703  -81.368208388  -7.5451558294  -48.729816895  12.212115814  -64.986280222  -73.139297672  -28.822571572  -19.554269571  -30.784068151  20.114976428  -85.31829116  -96.415583594  18.473126868  -116.42131697  -30.866687961  -64.355644886  34.704000205  -157.41740931  
166.4959  -12.589963168  -68.680812993  -69.788406614  -3.0968901565  -41.889085046  17.689633645  -60.950068192  -75.732776622  -25.665856857  -11.329461535  -24.610163146  30.310094735  -73.542479006  -90.712336794  21.132053445  -108.51128706  -29.076953268  -61.887481699  43.410835241  -165.36316729  
166.2192  -5.8520650731  -62.563076946  -57.932938973  1.13313947  -34.870427881  22.500557629  -56.857926944  -77.869446514  -22.422710273  -3.110371326  -18.398020439  40.07587856  -61.371802773  -84.65672063  23.535602098  -100.23126404  -27.527279639  -59.473491442  51.552529209  -172.34528334  
165.9433  1.1016272088  -56.151755839  -45.916487055  5.1176857655  -27.73465968  26.610553128  -52.749197428  -79.545032831  -19.103367322  5.0478919987  -12.205646221  49.326826356  -48.908577356  -78.285395651  25.671400677  -91.673181175  -26.232452352  -57.150101363  59.047517545  -178.33249274  
165.6684  8.208289086  -49.52204803  -33.854378807  8.8334198227  -20.543293235  29.996855722  -48.661886931  -80.760479487  -15.719866582  13.091551223  -6.0898670581  57.984879899  -36.259326114  -71.637410872  27.531364577  -82.929860142  -25.201470417  -54.949565847  65.82378238  -183.30619398  
165.3944  15.400975931  -42.751658674  -21.860947408  12.261116618  -13.357618171  32.648502536  -44.632099296  -81.521699105  -12.285991454  20.968651841  -0.10561993395  65.98064545  -23.533286326  -64.753823201  29.11160324  -74.093456564  -24.437646475  -52.899452458  71.820112728  -187.26025018  
165.1213  22.609740516  -35.919493566  -10.047921075  15.385761755  -6.2377911025  34.566321292  -40.693509465  -81.839238927  -8.8171464491  28.62951857  5.6947112613  73.25444067  -10.840861065  -57.677291812  30.412246558  -65.253955592  -23.938830183  -51.022252884  76.987149879  -190.20056728  
164.8491  29.762848036  -29.10432649  1.4771244377  18.196579501  0.75804359837  35.762680408  -36.876893278  -81.727874131  -5.3301700883  36.027174666  11.261903588  79.757144245  1.7079520405  -50.451653249  31.437200832  -56.497751639  -23.697743857  -49.335124733  81.288191689  -192.14446755  
164.5778  36.788059222  -22.383469461  12.61222058  20.686984096  7.5745844402  36.261009503  -33.209722008  -81.206142029  -1.8430889894  43.117721672  16.550439517  85.450830328  14.005124207  -43.121483646  32.193845321  -47.906343557  -23.702416519  -47.849766349  84.699735829  -193.11988148  
164.3074  43.613949341  -15.831475403  23.262340316  22.854458106  14.160138124  36.095105359  -29.71582949  -80.295831704  1.6251800142  49.860677693  21.518981772  90.309175557  25.9461203  -35.731654842  32.692681275  -39.555172756  -23.936700469  -46.572423192  87.211749018  -193.16438442  
164.0379  50.171229323  -9.5189021914  33.340587524  24.700363304  20.467304439  35.308243588  -26.415157785  -79.021444348  5.0551707858  56.21927259  26.130773859  94.317632358  37.431355309  -28.326891417  32.946945794  -31.512627297  -24.380852947  -45.504020723  88.827656736  -192.32410734  
163.7692  56.394034673  -3.5111654663  42.769220749  26.229691034  26.453567688  33.952120707  -23.323585367  -77.409639655  8.4272411867  62.160698811  30.35396315  97.473368375  48.367554462  -20.951335751  32.972202772  -23.839229905  -25.012164614  -44.640415549  89.564055421  -190.65255239  
163.5014  62.221148484  2.1324945481  51.480494802  27.450760325  32.081783943  32.08565507  -20.452839719  -75.488683241  11.721966805  67.656316765  34.16184482  99.784977901  58.668991367  -13.648128066  32.785922751  -16.587022367  -25.805616269  -43.972753604  89.450156705  -188.209345  
163.2346  67.597126568  7.359909993  59.417308303  28.374872969  37.320556015  29.77367788  -17.810494168  -73.287909206  14.920542294  72.681813895  37.533026359  101.27197697  68.25858157  -6.4590081019  32.407062686  -9.7991530716  -26.734545512  -43.487921732  88.526980333  -185.05895352  
162.9685  72.473295536  12.1267274  66.533650043  29.015935524  42.144490807  27.085547383  -15.400046748  -70.837210636  18.005177138  77.217316824  40.451513659  101.96409915  77.068812442  0.57605545827  31.855655466  -3.5096687291  -27.77130592  -43.169077038  86.846318993  -181.26940691  
162.7034  76.808598362  16.396980191  72.794841913  29.390058582  46.534336608  24.093720207  -13.221076984  -68.166569207  20.959472772  81.247456176  42.906720847  101.90041376  85.042494279  7.4192023303  31.152417707  2.256494232  -28.887902595  -42.996236977  84.469504028  -176.91103832  
162.4391  80.570266569  20.143481491  78.17758087  29.515143702  50.47700076  20.872313719  -11.269474727  -65.305633057  23.768768637  84.761384009  44.893407075  101.12829238  92.133321706  14.034980124  30.318382809  7.4833283277  -30.056589694  -42.946912278  81.46600581  -172.0552805  
162.1756  83.734303325  23.3480318  82.66978699  29.410468184  53.965451018  17.495692228  -9.5377336603  -62.283349948  26.420445775  87.752744104  46.411544376  99.702252547  98.306238953  20.390602287  29.374564689  12.163398165  -31.250417581  -42.996764513  77.911906186  -166.7735353  
161.9131  86.285767433  26.001440813  86.270268803  29.096277329  56.998506578  14.037107949  -8.0153007612  -59.127660454  28.904178111  90.219595799  47.466121489  97.682709829  103.53760703  26.456161843  28.341656007  16.297326574  -32.443719576  -43.120270408  73.888282887  -161.13613617  
161.6513  88.218854072  28.103367419  88.988220825  28.593393012  59.5805273  10.567424967  -6.688972045  -55.865253568  31.212123344  92.164292526  48.066889156  95.134670699  107.81517528  32.204799331  27.239763209  19.893145549  -33.612530651  -43.291375727  69.47954696  -155.21141873  
161.3904  89.536774064  29.661986379  90.842571385  27.922846382  61.72101183  7.1539510828  -5.5433241402  -52.521384894  33.339047515  93.593316749  48.228052946  92.12639892  111.13786401  37.612824448  26.088179268  22.965536323  -34.734932996  -43.484122837  64.771774203  -149.06491044  
161.1304  90.251439199  30.693494387  91.86120134  27.105541294  63.434117245  3.8593985455  -4.5611708443  -49.11975545  35.282379589  94.517073602  47.96792003  88.7280874  113.51536886  42.659791974  24.905193836  25.534984528  -35.791325763  -43.673237701  59.851070263  -142.75864654  
160.8712  90.38296651  31.221471848  92.080056195  26.161953701  64.73811432  0.74099041055  -3.7240336672  -45.6824472  37.042194757  94.949646114  47.308506628  85.010565879  114.96760127  47.32853353  23.707939429  27.626877187  -36.764618717  -43.834663973  54.802006634  -136.35061544  
160.6128  89.959019167  31.276119914  91.542175277  25.111870853  65.654793617  -2.1502752363  -3.0126155141  -42.2299098  38.621127592  94.908515573  46.27511304  81.044072395  115.5239821  51.60514766  22.512271506  29.270568135  -37.640351638  -43.946034143  49.706161307  -129.89433339  
160.3552  89.0140058  30.893394731  90.296662144  23.974172659  66.208838244  -4.7701955477  -2.407267075  -38.780991727  40.024218437  94.414251162  44.895873267  76.897113312  115.22260862  55.478951499  21.332679703  30.498437638  -38.4067433  -43.987069995  44.640793527  -123.43854488  
160.0985  87.588163266  30.114062679  88.397620237  22.76665617  66.427179294  -7.0817645698  -1.8884361305  -35.353007972  41.258698601  93.490173579  43.201286252  72.635432989  114.10931646  58.942397931  20.182227109  31.344970305  -39.054675461  -43.939907125  39.677677123  -117.02704238  
