260.0  1.7571375825E-5  -1.6539609417E-5  -3.452272622E-6  1.1010533013E-4  0.004515465506  4.1028300106E-5  4.451675107E-6  -1.05959154E-5  2.2566581852E-5  1.8248984689E-5  -1.8285666039E-5  -1.6102968888E-6  6.1458752654E-5  4.3979725649E-7  -5.6292338912E-5  -2.105304479E-5  4.5029806732E-5  2.2326903557E-5  1.8458559251E-5  6.4197973615E-6  2.8349733599E-5  4.0178983062E-5  -1.8157429147E-5  1.4679325679E-5  6.6968284267E-5  
259.3258  2.3490623509E-5  -2.1809738399E-5  -4.6386325265E-6  1.4077877596E-4  0.0053963215494  5.2770112663E-5  5.909415822E-6  -1.4037003827E-5  2.9672995589E-5  2.3744820364E-5  -2.4420955502E-5  -2.1678085889E-6  7.9697595075E-5  4.4696123349E-7  -7.1677861078E-5  -2.794744909E-5  5.8197633315E-5  2.7847836008E-5  2.3789602846E-5  8.390305085E-6  3.7194574265E-5  5.1013641541E-5  -2.3985649613E-5  1.940118657E-5  8.7224898896E-5  
258.655  3.1297713141E-5  -2.866229777E-5  -6.2119828457E-6  1.7936961745E-4  0.0064263979929  6.7641702585E-5  7.8163044791E-6  -1.853537285E-5  3.888630665E-5  3.0779933216E-5  -3.2501720328E-5  -2.9074349679E-6  1.0297800608E-4  4.0807282307E-7  -9.0921999004E-5  -3.6971090852E-5  7.4939864258E-5  3.452221116E-5  3.0535295505E-5  1.092159975E-5  4.8630844858E-5  6.4518635431E-5  -3.157579876E-5  2.5553016619E-5  1.1321792732E-4  
257.9877  4.15586225E-5  -3.754129842E-5  -8.2914086006E-6  2.2774180132E-4  0.0076262248  8.6410258248E-5  1.0301303718E-5  -2.4396159328E-5  5.0789398779E-5  3.9749342721E-5  -4.3106359445E-5  -3.8848165435E-6  1.3258011802E-4  2.9351006447E-7  -1.1489346816E-4  -4.8738814982E-5  9.6143337091E-5  4.2522063153E-5  3.9032396514E-5  1.4158831878E-5  6.3364508454E-5  8.1279719043E-5  -4.1425057052E-5  3.3538767486E-5  1.4645145816E-4  
257.3238  5.4997303469E-5  -4.900583914E-5  -1.103028279E-5  2.8814961675E-4  0.009018226891  1.1001268363E-4  1.3527408539E-5  -3.2006423705E-5  6.6113768797E-5  5.113877575E-5  -5.6972737377E-5  -5.1712984599E-6  1.7007624593E-4  6.0463690501E-8  -1.4462989697E-4  -6.4029488882E-5  1.2289108101E-4  5.2020952097E-5  4.9686395366E-5  1.8280162106E-5  8.2277824522E-5  1.0199123121E-4  -5.4159914439E-5  4.3867445255E-5  1.8878884476E-4  
256.6634  7.2536174424E-5  -6.3757204353E-5  -1.4625400741E-5  3.6330715399E-4  0.01062672237  1.3958845424E-4  1.7699724348E-5  -4.1855332708E-5  8.5773798212E-5  6.5542513502E-5  -7.5038299458E-5  -6.8579489433E-6  2.1738857884E-4  -3.5189170243E-7  -1.8136389684E-4  -8.3825704403E-5  1.5649928935E-4  6.3182836444E-5  6.2982255088E-5  2.3502868047E-5  1.064688266E-4  1.2747092282E-4  -7.056658217E-5  5.7177760804E-5  2.4252886883E-4  
256.0063  9.5345945274E-5  -8.2671603877E-5  -1.9328329151E-5  4.5646719137E-4  0.012477880244  1.7651772184E-4  2.3075205188E-5  -5.4558809838E-5  1.1090795286E-4  8.3683956982E-5  -9.8489156292E-5  -9.0604802905E-6  2.7685592777E-4  -1.0287417786E-6  -2.2655150839E-4  -1.0936194169E-4  1.9855961509E-4  7.6145771287E-5  7.9495881315E-5  3.0090149383E-5  1.3729842638E-4  1.5867537325E-4  -9.1627667171E-5  7.4267820394E-5  3.1049555835E-4  
255.3526  1.2490663988E-4  -1.0683954323E-4  -2.5459445755E-5  5.7151011687E-4  0.014599630159  2.2246526269E-4  2.9974323921E-5  -7.0889510815E-5  1.4292806405E-4  1.0643911937E-4  -1.2881983391E-4  -1.1925238833E-5  3.5131036747E-4  -2.0878999531E-6  -2.8190282816E-4  -1.4218269173E-4  2.5098714654E-4  9.0998866888E-5  9.9906045911E-5  3.8358564961E-5  1.7644631311E-4  1.9671555213E-4  -1.18566167E-4  9.6130691227E-5  3.9614350098E-4  
254.7022  1.6308197954E-4  -1.3761294241E-4  -3.3425231789E-5  7.1304336375E-4  0.017021516393  2.794308811E-4  3.8794972497E-5  -9.1813113315E-5  1.8357797731E-4  1.3486321176E-4  -1.6790562616E-4  -1.5636450916E-5  4.4416453284E-4  -3.6904979856E-6  -3.4941448459E-4  -1.8421222146E-4  3.1607433289E-4  1.0775059452E-4  1.2500635701E-4  4.8685966731E-5  2.2597692356E-4  2.4287190895E-4  -1.5289796472E-4  1.239967656E-4  5.0368060022E-4  
254.0551  2.1220962013E-4  -1.766612576E-4  -4.3739477394E-5  8.8651166174E-4  0.019774488205  3.4980688671E-4  5.0028914526E-5  -1.1853205528E-4  2.3500298892E-4  1.702204257E-4  -2.1808973938E-4  -2.0424932216E-5  5.5951020208E-4  -6.0547068513E-6  -4.3140347033E-4  -2.3783785568E-4  3.9655100468E-4  1.2628612894E-4  1.557166956E-4  6.1519702604E-5  2.884168562E-4  2.9860816282E-4  -1.9649412435E-4  1.5938393294E-4  6.3821029654E-4  
253.4113  2.7521009257E-4  -2.2603800186E-4  -5.704917033E-5  0.0010983181691  0.022890618723  4.3644325749E-4  6.4281132296E-5  -1.5253801346E-4  2.9983162138E-4  2.1401692803E-4  -2.8228768069E-4  -2.6578486573E-5  7.0222860393E-4  -9.4732197193E-6  -5.3054164926E-4  -3.0600883883E-4  4.9565046459E-4  1.4631096721E-4  1.9309332739E-4  7.7384738264E-5  3.6684518805E-4  3.6558271452E-4  -2.5165440405E-4  2.0415664702E-4  8.0589531007E-4  
252.7708  3.5571767923E-4  -2.8825920524E-4  -7.4165961347E-5  0.001355956248  0.026402744763  5.427210791E-4  8.2292424082E-5  -1.9567458251E-4  3.8127141231E-4  2.6803696533E-4  -3.6411160428E-4  -3.4454236663E-5  8.7811261535E-4  -1.4335372002E-5  -6.498900415E-4  -3.9235301842E-4  6.1718140382E-4  1.6727756287E-4  2.3833664215E-4  9.6891190785E-5  4.649982169E-4  4.4565630941E-4  -3.2119351092E-4  2.6059504125E-4  0.0010141449405  
252.1334  4.5823686235E-4  -3.6639549817E-4  -9.6104235371E-5  0.0016681512712  0.030344020546  6.7263481245E-4  1.0496561239E-4  -2.5021179308E-4  4.8322050024E-4  3.343818239E-4  -4.6801758367E-4  -4.4493140367E-5  0.001094000654  -2.1154935962E-5  -7.9293174961E-4  -5.0131375195E-4  7.6560512126E-4  1.8829116604E-4  2.9279516797E-4  1.2074056781E-4  5.8739018782E-4  5.4089424086E-4  -4.085417115E-4  3.3147529071E-4  0.0012718278714  
251.4993  5.8832839814E-4  -4.6417964079E-4  -1.2412696602E-4  0.002045011393  0.034747378992  8.308838836E-4  1.3339571678E-4  -3.1893429309E-4  6.1039687852E-4  4.1551120103E-4  -5.9947901181E-4  -5.723695163E-5  0.0013579216059  -3.0604809673E-5  -9.6360212924E-4  -6.3830956855E-4  9.4611718199E-4  2.0799046921E-4  3.5796414907E-4  1.4972975813E-4  7.394515624E-4  6.5356099804E-4  -5.1786147713E-4  4.201624395E-4  0.0015895122537  
250.8684  7.528294929E-4  -5.8613144974E-4  -1.598006912E-4  0.0024981856807  0.039644895362  0.0010229740117  1.6890442258E-4  -4.0524520524E-4  7.6848724581E-4  5.1428631126E-4  -7.6518952909E-4  -7.3347880179E-5  0.0016792495499  -4.3560022047E-5  -0.0011663145319  -8.0991920159E-4  0.0011647322429  2.2439803591E-4  4.3547656221E-4  1.8475151515E-4  9.2768634174E-4  7.8610482908E-4  -6.5418187516E-4  5.3071689525E-4  0.0019797345696  
250.2406  9.6011297337E-4  -7.3770218742E-4  -2.0506111801E-4  0.0030410273816  0.045067049337  0.0012553285912  2.1307913538E-4  -5.1328786302E-4  9.6431739916E-4  6.3401377471E-4  -9.7329902365E-4  -9.3631187783E-5  0.0020688663358  -6.1150695973E-5  -0.0014059796664  -0.0010240946337  0.0014283702936  2.3473484864E-4  5.270839764E-4  2.2678980643E-4  0.0011598498499  9.4112921327E-4  -8.2355240427E-4  6.6801573178E-4  0.0024572983908  
249.616  0.0012203907376  -9.2544057007E-4  -2.622910445E-4  0.0036887593906  0.051041883319  0.0015354103222  2.6781684651E-4  -6.4808780998E-4  0.0012060460818  7.7848901081E-4  -0.0012336863187  -1.1906092612E-4  0.0025393292355  -8.4826848236E-5  -0.0016880163466  -0.0012904047417  0.0017449420103  2.3519267201E-4  6.3462413403E-4  2.7690796297E-4  0.0014451482117  0.0011213477178  -0.0010332179029  8.3788982237E-4  0.0030396036194  
248.9944  0.0015460671273  -0.0011571826128  -3.344124698E-4  0.0044586381964  0.057594056632  0.0018718531424  3.3537294248E-4  -8.1571761788E-4  0.0015033841007  9.5203749009E-4  -0.0015582721316  -1.5080896899E-4  0.0031050399124  -1.1643715428E-4  -0.0020183511377  -0.0016203119782  0.0021234302976  2.2065731187E-4  7.5997155358E-4  3.36227044E-4  0.0017944605077  0.0013295181624  -0.0012918160222  0.0010472776404  0.00374700613  
248.376  0.0019521481576  -0.0014422675536  -4.249949507E-4  0.0053701117179  0.064743797613  0.0022746043501  4.1841496708E-4  -0.0010234872287  0.0018678403558  0.0011595517807  -0.0019613757352  -1.9027741497E-4  0.003782409834  -1.5832406287E-4  -0.0024034041833  -0.0020274842527  0.0025739644105  1.8437529139E-4  9.0496683103E-4  4.05891232E-4  0.002220584245  0.0015683514397  -0.0016095985335  0.0013043962974  0.0046032068967  
247.7606  0.0024567127469  -0.0017917820772  -5.3838244469E-4  0.0064449655182  0.072505758036  0.0027550766317  5.2008118402E-4  -0.001280162646  0.0023129961595  0.0014065218694  -0.0024601184348  -2.3913433155E-4  0.0045900160123  -2.1343790367E-4  -0.002850058332  -0.0025281437595  0.0031078823057  1.1755599679E-4  0.0010713196596  4.8701638311E-4  0.0027385043418  0.0018403897534  -0.0019986774251  0.001618930028  0.0056356686746  
247.1483  0.003081452188  -0.00221883498  -6.7984105319E-4  0.0077074509054  0.080887777123  0.0033263095179  6.4404358744E-4  -0.0015962158809  0.0028548088593  0.0016990557458  -0.003074876478  -2.9935267254E-4  0.0055487395777  -2.8547288E-4  -0.003365608584  -0.0031414539178  0.003737776091  8.9010120941E-6  0.0012604799117  5.8061708009E-4  0.0033656852676  0.0021478484564  -0.0024732963111  0.0020022358666  0.0068760571196  
246.539  0.0038522840503  -0.0027388642764  -8.5573023359E-4  0.0091843874346  0.089889565333  0.0040031395947  7.9457476246E-4  -0.0019841090857  0.0035119452914  0.0020438867235  -0.0038297852812  -3.7325202377E-4  0.0066818782302  -3.7902806985E-4  -0.0039576888887  -0.0038899448115  0.0044775146408  -1.5594778773E-4  0.0014734704549  6.8750666946E-4  0.004122385316  0.0024924151232  -0.0030501271285  0.0024675656762  0.0083607018451  
245.9327  0.0048000464813  -0.0033699785283  -0.0010737001793  0.010905231323  0.099501321234  0.0048023786011  9.7661770811E-4  -0.0024586157686  0.0043061449843  0.0024483634511  -0.0047532958793  -4.6354261156E-4  0.0080152220642  -4.9979675482E-4  -0.0046341734554  -0.0047999765326  0.0053422366438  -3.9504972713E-4  0.0017106747253  8.08163817E-4  0.0050319911907  0.0028749989927  -0.0037485914041  0.0030303029813  0.010131071363  
245.3293  0.0059612784324  -0.0041333338802  -0.0013429181598  0.012902100336  0.10970229802  0.0057429983587  0.0011958573969  -0.0030371818679  0.005262612273  0.0029204180493  -0.0058787832271  -5.7337074188E-4  0.009577080697  -6.547875452E-4  -0.0054030500297  -0.0059022386069  0.0063483065877  -7.309043599E-4  0.0019715715019  9.4255809906E-4  0.0061213701817  0.0032954235127  -0.0045912045434  0.0037082122102  0.012234254122  
244.7289  0.0073790906533  -0.005053547887  -0.0016743266585  0.015209744792  0.12045933947  0.0068463213065  0.0014587924622  -0.003740329247  0.0064104355905  0.0034685073316  -0.0072452043899  -7.0636452111E-4  0.011398248082  -8.5258084955E-4  -0.006272263048  -0.0072322822167  0.007513225495  -0.001191295248  0.0022544088367  0.0010899260769  0.0074212361734  0.0037520544236  -0.0056039406015  0.0045216969704  0.014723435977  
244.1315  0.0091041313227  -0.0061591507314  -0.002080936129  0.017865453596  0.13172540835  0.0081362152732  0.0017728049779  -0.0045921038495  0.0077830311428  0.0041015216457  -0.0088978027178  -8.6667834079E-4  0.013511889925  -0.0011036242291  -0.007249525257  -0.008831080204  0.0088554876456  -0.0018102445279  0.0025558087553  0.0012484882026  0.008966524596  0.0042413556932  -0.0068166138536  0.0054940628567  0.017658362437  
243.5369  0.011195648895  -0.0074830738286  -0.0025781551006  0.020908883558  0.14343813348  0.0096392910158  0.002146225831  -0.0056205702986  0.0094186069693  0.0048286555393  -0.0108888518  -0.0010590341886  0.015953337326  -0.0014205700572  -0.0083420972674  -0.010745607854  0.010394374111  -0.0026290826448  0.0028702941927  0.0014150958131  0.010796770202  0.0047573656876  -0.0082632721863  0.0066517790371  0.021105771951  
242.9452  0.0137226531  -0.0090631751057  -0.0031841601774  0.024381799898  0.15551840451  0.011385100992  0.0025883926961  -0.0068583541309  0.011360642028  0.0056592342533  -0.013278430321  -0.0012887573784  0.018759769217  -0.0018186586473  -0.0095565356428  -0.013029435219  0.012149673726  -0.0036976354276  0.0031897297315  0.001584796419  0.012956480251  0.005291086282  -0.009982595883  0.0080247314886  0.025139784385  
242.3565  0.016765173017  -0.010942799425  -0.0039203081876  0.028327715685  0.16786904622  0.013406337838  0.0031096971122  -0.0083432320935  0.013658373454  0.0066024900013  -0.016135215899  -0.0015618037772  0.021969765474  -0.0023161495957  -0.010898411493  -0.01574331927  0.014141322206  -0.0050755278769  0.0035026681109  0.0017503045507  0.015495494358  0.0058297782355  -0.01201829381  0.009646459275  0.029842226822  
241.7705  0.02041560872  -0.013171371684  -0.0048115923204  0.032791418182  0.18037360647  0.015739031088  0.0037216166541  -0.010118770006  0.016367283506  0.0076672821578  -0.019537282619  -0.0018847750582  0.02562271232  -0.0029348034763  -0.012372003151  -0.018955781495  0.016388950496  -0.0068336005887  0.0037935952488  0.0019013646312  0.018469320903  0.0063561571118  -0.014419487327  0.011554363718  0.035302876821  
241.1874  0.024780170189  -0.015805019078  -0.0058871435319  0.037818370644  0.19289529385  0.018422740792  0.0044367277046  -0.012235006566  0.019549576022  0.0088617558785  -0.023572883277  -0.0022649179325  0.029758041967  -0.0037004152073  -0.013979968351  -0.022743653732  0.018911334255  -0.0090554306301  0.0040420677157  0.0020239917936  0.021939438626  0.0068474853753  -0.017241070495  0.013789878727  0.041619601587  
240.6071  0.029980393935  -0.018907217881  -0.007180777783  0.043453979097  0.20527610248  0.021500746933  0.00526869389  -0.014749180164  0.023274630406  0.010192934362  -0.028341193431  -0.00271010273  0.034414289438  -0.0046433993511  -0.015723003362  -0.027192572128  0.021725737562  -0.011838943903  0.0042217382777  0.002099576318  0.025973550811  0.007274558077  -0.020544033378  0.016398588993  0.048898370058  
240.0295  0.036154724183  -0.022549458834  -0.0087315887813  0.049742715167  0.21733616245  0.025020233773  0.0062322248716  -0.017726494243  0.027619419388  0.011666240962  -0.033952990275  -0.00322877613  0.039627951283  -0.0057994262976  -0.017599498716  -0.032397396182  0.024847145635  -0.015298100601  0.0042992673345  0.0021038375255  0.030645778411  0.0076005817925  -0.024395733476  0.019430281256  0.05725311389  
239.4548  0.043460141486  -0.026811923936  -0.010584584819  0.056727087959  0.22887335433  0.029032468655  0.007342999921  -0.021240915028  0.032668875022  0.013284948685  -0.040531235228  -0.0038298823068  0.045432133583  -0.0072101066976  -0.019605203477  -0.038462527017  0.028287383568  -0.019564629319  0.0042331208644  0.0020056136359  0.036036777656  0.0077799492282  -0.028870098653  0.022938912512  0.066805412879  
238.8828  0.052073817341  -0.031784166031  -0.012791367017  0.064446460579  0.23966322615  0.033592975169  0.0086175505814  -0.025375993491  0.038516185749  0.015049556342  -0.048211525091  -0.0045227462881  0.05185498028  -0.0089237196541  -0.021732912268  -0.045502096426  0.032054120809  -0.024789778849  0.0039722588692  0.0017654753677  0.042233767084  0.0077569151799  -0.034047743404  0.026982477891  0.077683980476  
238.3135  0.062194768874  -0.037565781167  -0.015410844811  0.07293570995  0.24945924964  0.038761701038  0.010073096764  -0.030225701316  0.045263005808  0.01695709265  -0.057142372856  -0.0053169129594  0.058917877551  -0.010995978039  -0.02397219156  -0.053639995965  0.036149764379  -0.031146049688  0.0034547223028  0.0013341530402  0.049330448786  0.0074641833214  -0.040015979041  0.03162276012  0.090023925999  
237.7469  0.074045482951  -0.044267062246  -0.018509982786  0.082223732224  0.25799345108  0.044603181565  0.011727330894  -0.035895268304  0.053019557065  0.019000352066  -0.067485275903  -0.0062219349133  0.066633435708  -0.013490821908  -0.026309163741  -0.063009713608  0.040570247622  -0.038828860118  0.0026061310554  6.5076973324E-4  0.057426808827  0.0068214176107  -0.046868697422  0.036924942043  0.10396577192  
237.183  0.087873474339  -0.052009621077  -0.022164571113  0.092331800273  0.26497744877  0.051186699933  0.013598145225  -0.042502006189  0.061904602368  0.021167068878  -0.079414526684  -0.0072471022931  0.075003256943  -0.016481228331  -0.028726369257  -0.073753944366  0.045303725544  -0.048058094436  0.0013381107078  -3.5912323901E-4  0.066628782513  0.0057336968874  -0.054706107287  0.042957063784  0.11965420737  
236.6218  0.10395273791  -0.060926964489  -0.026460009668  0.10327178442  0.27010392612  0.058586446104  0.015703298242  -0.050176101275  0.072045269018  0.023439039173  -0.093116719165  -0.0084011079406  0.084015505109  -0.020050023146  -0.031202728459  -0.086023940988  0.050329192474  -0.05907947383  -4.5332859347E-4  -0.0017857075951  0.077047771389  0.0040899364622  -0.063634302269  0.049789306728  0.13723656275  
236.0632  0.12258505037  -0.07116500891  -0.031492093703  0.11504425268  0.27304856444  0.066881676398  0.01806001716  -0.059061355608  0.083576700948  0.025791203644  -0.10878990367  -0.0096916415853  0.093642302536  -0.024290677104  -0.033713625511  -0.099978571573  0.055615042784  -0.072165683791  -0.0028894317696  -0.0037372494092  0.088800000656  0.0017613060757  -0.073764640198  0.057493087923  0.15686099523  
235.5072  0.14410107304  -0.082882516552  -0.037367786411  0.12763647224  0.27347245435  0.076156876133  0.020684534979  -0.069315853704  0.096641518737  0.028190707647  -0.1266423435  -0.01112490753  0.1038369885  -0.029308065873  -0.036231136811  -0.11578305273  0.061117600606  -0.087617186075  -0.0061103213001  -0.0063426269756  0.10200570806  -0.001400320556  -0.085212914584  0.066139950549  0.17867438106  
234.9539  0.16886120356  -0.096251435307  -0.044205961241  0.14102033967  0.27102499849  0.086501927778  0.023591562316  -0.081112529227  0.11138906783  0.030595958501  -0.14689082899  -0.012705061341  0.11453128413  -0.035219170263  -0.038724425562  -0.13360733011  0.066779649738  -0.10576263848  -0.010276560558  -0.0097540137827  0.11678815838  -0.0055638434289  -0.098098301173  0.075800239105  0.20281991736  
234.4032  0.19725612178  -0.11145712359  -0.052138094099  0.15515027316  0.26534731114  0.098012287061  0.026793696361  -0.094639603405  0.12797443734  0.032955703471  -0.16975850888  -0.014433562469  0.12563241914  -0.04215369014  -0.041160322418  -0.15362408271  0.072529000074  -0.12695884233  -0.015570609729  -0.014149686189  0.13327248107  -0.010920294044  -0.11254206534  0.086541551796  0.22943444467  
233.855  0.229706973  -0.12869844071  -0.061308882967  0.16996110597  0.25607611223  0.11078916915  0.030300771749  -0.11010086466  0.14655723447  0.035208155172  -0.19547220517  -0.016308441505  0.13702028621  -0.050254542792  -0.043504109328  -0.17600633331  0.078277131694  -0.15159013614  -0.022198120174  -0.019736915447  0.15158433307  -0.01768402044  -0.12866601977  0.098426967401  0.25864551038  
233.3094  0.26666513131  -0.14818768306  -0.071876769813  0.18536602594  0.24284810479  0.12493974654  0.034119160884  -0.12771575684  0.1673001033  0.037280194035  -0.22425918572  -0.018323482966  0.148544699  -0.059678214184  -0.045720519815  -0.20092465517  0.083917962086  -0.18006715437  -0.03038900781  -0.026754892951  0.171848393  -0.026093641273  -0.14659072651  0.1115130496  0.29056820312  
232.7663  0.30861148575  -0.17015034631  -0.084014337185  0.20125461119  0.22530481501  0.14057735954  0.038251034237  -0.14771924176  0.19036698111  0.03908667988  -0.25634337999  -0.020467327035  0.1600228394  -0.070594929759  -0.047774963858  -0.22854397435  0.089326785479  -0.21282487343  -0.040398241735  -0.035477626146  0.19418669842  -0.036412706028  -0.16643344293  0.12584763836  0.32530179886  
232.2258  0.35605519451  -0.19482469416  -0.097908549619  0.21749101701  0.20309786429  0.15782173915  0.042693594295  -0.17036140061  0.21592109058  0.040529906333  -0.29194103581  -0.022722496588  0.17123698725  -0.083188610303  -0.049634979358  -0.25901997748  0.094359435894  -0.25031987286  -0.052506281161  -0.046216730776  0.21871684282  -0.048929994654  -0.18830581751  0.14146744545  0.36292627028  
231.6878  0.40953185525  -0.22246111504  -0.11376080801  0.23391237287  0.17589463153  0.17679924088  0.047438300099  -0.19590673826  0.24412267241  0.041499232712  -0.33125583063  -0.025064359043  0.18193263268  -0.097656578115  -0.051271904896  -0.29249514726  0.098851726867  -0.29302674845  -0.067019092075  -0.059324033253  0.24555005458  -0.063959387177  -0.2123113484  0.15839547924  0.40349872201  
231.1522  0.46960104526  -0.25332124919  -0.13178678358  0.25032745167  0.14338425324  0.19764308655  0.052470102542  -0.22463315463  0.27512646971  0.04187092782  -0.37447346771  -0.027460035973  0.19181707493  -0.11420897941  -0.052662760257  -0.32909446106  0.10261922084  -0.34143362592  -0.084267675209  -0.075193885435  0.27478918543  -0.081839232557  -0.23854262545  0.1766383328  0.44704982511  
230.6191  0.53684319141  -0.2876768704  -0.15221599713  0.26651567525  0.10528389709  0.22049360939  0.05776671364  -0.25683054849  0.30907898285  0.041508258833  -0.42175580702  -0.029867277054  0.20055861329  -0.13306789067  -0.053792312159  -0.36892080227  0.10545737959  -0.39603673919  -0.10460703914  -0.094265083335  0.30652664112  -0.10293114638  -0.26707838479  0.19618337813  0.49358033402  
230.0885  0.6118557389  -0.32580850888  -0.17529110876  0.28222652092  0.061345233637  0.24549849585  0.063297935827  -0.29279902106  0.34611552143  0.040261855949  -0.47323460085  -0.032233318492  0.20778643395  -0.15446607987  -0.054655293058  -0.41205014908  0.10714214388  -0.45733405533  -0.1284145569  -0.11702227178  0.34084229153  -0.12761816918  -0.29798041336  0.216995919  0.5430577785  
229.5603  0.69524859737  -0.36800380447  -0.2012668841  0.29717939282  0.011361019147  0.2728130158  0.069025079635  -0.33284664995  0.38635708815  0.03797037964  -0.52900492588  -0.034493749653  0.21309129138  -0.1786453977  -0.055258731017  -0.45852662002  0.10743098527  -0.52581794984  -0.1560876516  -0.14399670942  0.37780140166  -0.15630222147  -0.33129034966  0.23901636328  0.59541343035  
229.0345  0.78763885534  -0.41455558267  -0.23040880401  0.3110640195  -0.044828307976  0.30260023067  0.074900499864  -0.37728680859  0.42990713784  0.03446151223  -0.58911842498  -0.036571414906  0.21602707393  -0.2058547801  -0.055624338837  -0.5083574709  0.10606446626  -0.60196695976  -0.18804076619  -0.17576626301  0.41745262778  -0.18940079832  -0.36702643553  0.26215748485  0.65053965038  
228.5112  0.88964476656  -0.46575965009  -0.2629912874  0.32354143472  -0.10732812503  0.3350311676  0.080867281346  -0.42643501158  0.47684826275  0.029553289097  -0.65357649354  -0.0383753806  0.21611333042  -0.23634785047  -0.055790901265  -0.56150815122  0.10276833603  -0.68623666864  -0.22470158486  -0.21295449786  0.45982612522  -0.22734285507  -0.4051802815  0.28630185218  0.70828772414  
227.9902  1.0018790267  -0.52191231012  -0.29929550043  0.33424559249  -0.17618333387  0.37028494605  0.086859105435  -0.4806052741  0.52723886307  0.023055777171  -0.72232356535  -0.039799999507  0.21283881741  -0.27038011884  -0.055816590567  -0.61789754098  0.097256178732  -0.77904980537  -0.26650648873  -0.25622873201  0.50493181492  -0.2705638478  -0.44571371605  0.31129950784  0.76846629564  
227.4716  1.1249413738  -0.58330760489  -0.33960672984  0.34278565911  -0.25137240526  0.40854884224  0.092800327406  -0.54010598129  0.58110986869  0.014773099774  -0.79524067126  -0.040724106665  0.20566610597  -0.30820578556  -0.055781133464  -0.67739349936  0.089232618922  -0.88078566804  -0.31389524571  -0.30629692742  0.55275785522  -0.31949990572  -0.48855579494  0.3369659873  0.83084050524  
226.9553  1.2594105634  -0.65023429476  -0.38421130451  0.34874901501  -0.33280188896  0.4500182762  0.098606292733  -0.60523527389  0.63846158405  0.0045057972991  -0.87213945916  -0.041010381385  0.19403726243  -0.3500741682  -0.055787746838  -0.73980886463  0.078397075733  -0.99176901332  -0.36730495424  -0.36390330074  0.60326936311  -0.37458112991  -0.53360005211  0.3630807691  0.89513193198  
226.4414  1.4058357824  -0.72297259271  -0.43339305652  0.35170498745  -0.42030152367  0.49489670622  0.10418391684  -0.67627596743  0.69926073276  -0.0079464968007  -0.95275687524  -0.04050490993  0.17738058959  -0.39622578316  -0.055964756081  -0.80489804971  0.064448042618  -1.1122585807  -0.4271632821  -0.4298225511  0.65640742544  -0.4362240313  -0.58070207658  0.38938624847  0.96101943088  
225.9298  1.5647275875  -0.8017906771  -0.48742932185  0.35120932106  -0.51362008218  0.54339541601  0.10943254819  -0.75349003457  0.76343778171  -0.022782095615  -1.0367507134  -0.03903698203  0.15511838485  -0.44688812654  -0.05646680887  -0.87235437871  0.047087854601  -1.242435448  -0.49388106429  -0.50485262204  0.71208843506  -0.50482314225  -0.62967750134  0.41558732476  1.0281409419  
225.4205  1.736548465  -0.88694101267  -0.54658649079  0.34680937816  -0.61242208568  0.59573318164  0.1142451285  -0.83711269394  0.83088462576  -0.040194055085  -1.1236962406  -0.036419151796  0.12667563937  -0.50227121274  -0.057475598825  -0.94180830713  0.026027889602  -1.3823914385  -0.56784434749  -0.58980593988  0.77020378008  -0.58074185902  -0.68030048942  0.44135168821  1.0960963306  
224.9135  1.9217031264  -0.97865651595  -0.61111512944  0.33805004384  -0.71628551679  0.65213580723  0.11850965674  -0.92734616309  0.90145271326  -0.06036677792  -1.2130841015  -0.032447589767  0.091489569839  -0.56256294316  -0.059200018107  -1.0128266605  9.9413529849E-4  -1.5321178224  -0.6494059926  -0.68549910099  0.83061990589  -0.66430259663  -0.73230279907  0.46631088361  1.1644512983  
224.4088  2.1205286693  -1.0771466076  -0.68124470593  0.3244802927  -0.82470065297  0.71283552167  0.12211095498  -1.0243531481  0.9749516898  -0.083472484899  -1.3043196935  -0.026902747714  0.049019841426  -0.62792439082  -0.061875665771  -1.0849130145  -0.028266961396  -1.6914945687  -0.73887696943  -0.79274101596  0.89317876035  -0.75577636332  -0.78537350459  0.4900622174  1.2327423775  
223.9063  2.3332847429  -1.1825932  -0.75717796831  0.30566035542  -0.93707013123  0.77807023233  0.12493272496  -1.1282501579  1.0511486321  -0.10966762097  -1.3967241844  -0.019550351499  -0.0012406904131  -0.69848509979  -0.065763649569  -1.1575093224  -0.061982458338  -1.8602804171  -0.83651749933  -0.9123195587  0.95769862167  -0.85537188707  -0.8391594409  0.51217156059  1.3004829975  
223.4061  2.5601438698  -1.2951466738  -0.83908503482  0.2811694038  -1.0527103402  0.84808263634  0.12685987402  -1.2391007459  1.1297679364  -0.13908926959  -1.489537319  -0.010142729886  -0.059754920393  -0.77433850966  -0.071148632808  -1.2299988727  -0.10034680323  -2.0381040414  -0.94252822084  -1.0449868121  1.0239752976  -0.96322445231  -0.89326642986  0.53217708272  1.3671705798  
222.9081  2.8011820836  -1.4149219013  -0.92709727183  0.25061365392  -1.1708542183  0.92311919501  0.1277810785  -1.3569087971  1.2104919156  -0.17185165267  -1.5819221287  0.0015795211338  -0.12693034169  -0.85553762494  -0.078336094661  -1.3017106368  -0.14351575673  -2.2244565739  -1.057041569  -1.1914430494  1.0917836732  -1.0793846293  -0.94726133256  0.54959393205  1.432294586  
222.4123  3.056370046  -1.5419943777  -1.0213010486  0.21363476754  -1.2906555146  1.0034289823  0.12759154211  -1.4816119906  1.2929621467  -0.20804279549  -1.672971615  0.015885547983  -0.20310804727  -0.94209105684  -0.087648791618  -1.3719250308  -0.19160047726  -2.4186857488  -1.1801135718  -1.3523196385  1.1608795731  -1.2038071007  -1.0006749575  0.56391985486  1.4953454145  
221.9187  3.325564812  -1.6763965237  -1.1217314722  0.16991841464  -1.4111945465  1.0892624239  0.12619589607  -1.6130755812  1.3767815966  -0.24772143516  -1.761717436  0.03305194202  -0.28855214269  -1.0339595693  -0.0994224291  -1.4398810873  -0.24466189523  -2.6199919064  -1.3117162729  -1.5281611077  1.2310018931  -1.3363398107  -1.0530058364  0.57464172214  1.555824003  
221.4274  3.6085024085  -1.8181142225  -1.2283662193  0.119202843  -1.5314854599  1.1808699495  0.1235111785  -1.7510866512  1.4615175373  -0.29091424806  -1.8471405714  0.053360163424  -0.38343983508  -1.1310532622  -0.11400057516  -1.5047849923  -0.30270550495  -2.82742607  -1.4517309949  -1.7194066586  1.301874947  -1.4767136781  -1.1037248621  0.58124290633  1.6132519681  
220.9381  3.9047913901  -1.9670836531  -1.3411195931  0.0612872868  -1.6504849697  1.2785005838  0.11946982134  -1.8953489923  1.5467052443  -0.33761346621  -1.928183887  0.07709372422  -0.48785246103  -1.2332295226  -0.13172887187  -1.5658199057  -0.3656767002  -3.0398902783  -1.59994265  -1.9263714596  1.3732109662  -1.6245331259  -1.1522807605  0.58321142417  1.6671820805  
220.4511  4.2139075279  -2.1231884773  -1.4598369422  -0.0039599653952  -1.7671025284  1.3824005094  0.11402256625  -2.0454787784  1.6318524532  -0.38777494404  -2.0037664638  0.10453517689  -0.60176770622  -1.340291867  -0.15294862391  -1.6221569452  -0.43345677326  -3.2561403113  -1.7560352977  -2.1492280962  1.4447126817  -1.7792676914  -1.1981063524  0.58004873512  1.7172088473  
219.9662  4.5351897774  -2.2862574339  -1.5842895906  -0.076594031372  -1.8802118374  1.4928116353  0.10714122535  -2.2010011922  1.7164445311  -0.44131672719  -2.0727994994  0.13596296271  -0.72505325069  -1.4519897893  -0.17798986712  -1.672967174  -0.50585968833  -3.4747909041  -1.9195891322  -2.3879885905  1.5160759163  -1.9402449774  -1.2406255347  0.5712790593  1.7629789543  
219.4834  4.8678376572  -2.4560623824  -1.7141704258  -0.15658661716  -1.9886635861  1.609970207  0.098821199941  -2.3613481609  1.7999503004  -0.49811816217  -2.1342035319  0.17164818025  -0.8574620467  -1.5680197091  -0.2071640415  -1.7174343967  -0.58262972788  -3.6943234895  -2.0900790608  -2.6424874319  1.5869921108  -2.1066452064  -1.2792608965  0.55645905471  1.8042013003  
219.0027  5.2109101551  -2.6323168322  -1.8490903009  -0.2438201128  -2.091299272  1.7341054974  0.089083669425  -2.5258573475  1.8818284321  -0.55801957236  -2.1869266871  0.21185133931  -0.99862940076  -1.6880271016  -0.24075641307  -1.7547685342  -0.66344009535  -3.9130964569  -2.266875005  -2.9123660826  1.657150709  -2.2774976252  -1.3134418608  0.53518767232  1.8406563476  
218.5241  5.563326258  -2.8146749776  -1.9885753992  -0.3380827903  -2.1869659251  1.8654386109  0.077977365226  -2.6937725305  1.9615343126  -0.62082251086  -2.2299636003  0.25681916794  -1.1480719896  -1.8116098585  -0.27901840532  -1.7842193185  -0.74789254029  -4.1293578542  -2.4492440247  -3.1970594282  1.7262413311  -2.4516789932  -1.3426132301  0.50711598937  1.8722045096  
218.0476  5.9238671798  -3.0027312476  -2.132065706  -0.43906528243  -2.2745315327  2.0041814369  0.065579849601  -2.8642454816  2.0385272689  -0.68629058529  -2.2623746257  0.30678154144  -1.3051888914  -1.9383229075  -0.32216001468  -1.8050900264  -0.83551805261  -4.3412604058  -2.6363543268  -3.4957846452  1.7939556699  -2.6279143622  -1.3662439957  0.47195680745  1.8987932993  
217.5732  6.2911803385  -3.1960203623  -2.2789147227  -0.54635850646  -2.3529009368  2.1505357763  0.051998227303  -3.0363394281  2.1122780263  -0.75415083463  -2.283304917  0.36194860001  -1.4692646614  -2.0676840831  -0.37034249289  -1.8167509516  -0.92577865186  -4.5468786605  -2.8272811794  -3.8075329394  1.8599890517  -2.8047803256  -1.3838362591  0.42949379297  1.9204629788  
217.1009  6.6637851053  -3.3940178743  -2.4283905402  -0.65945317695  -2.4210319545  2.3046926634  0.037369229114  -3.2090341547  2.182276261  -0.82409562323  -2.2920029422  0.42250811854  -1.6394744257  -2.1991812054  -0.42367148404  -1.818652307  -1.0180702759  -4.7442280298  -3.0210147076  -4.1310645815  1.9240416172  -2.9807108775  -1.3949341066  0.37958993397  1.9373504685  
216.6306  7.0400803232  -3.5961411537  -2.5796783727  -0.7777410264  -2.4779514564  2.4668318915  0.021858619861  -3.3812327654  2.2480381043  -0.89578500401  -2.2878379895  0.48862318569  -1.8148909103  -2.3322802891  -0.48219080339  -1.8103362464  -1.1117267514  -4.9312854299  -3.216469502  -4.464907622  1.9858190892  -3.1540059812  -1.3991322685  0.32219508953  1.9496913085  
216.1623  7.4183535608  -3.8017507626  -2.7318846271  -0.90051782259  -2.5227711266  2.6371217446  0.005659899533  -3.551770085  2.3091134519  -0.96884949088  -2.2703162269  0.56043024205  -1.9944932695  -2.4664347634  -0.5458770394  -1.7914477026  -1.2060248083  -5.1060111973  -3.4124959277  -4.8073606154  2.0450331063  -3.3228428963  -1.3960843976  0.25735241647  1.9578195001  
215.696  7.7967920391  -4.0101521486  -2.8840425547  -1.0269882368  -2.5547026207  2.8157189191  -0.011007716024  -3.7194226377  2.3650929292  -1.0428931707  -2.2390948982  0.63803751753  -2.1771775246  -2.6010955466  -0.61463515009  -1.7617437538  -1.3001900789  -5.2663719149  -3.6078929747  -5.1564996072  2.1014011214  -3.4852902637  -1.385510799  0.18520347258  1.9621651072  
215.2318  8.173495138  -4.2205975754  -3.0351195024  -1.1562725785  -2.5730718404  3.0027686135  -0.027902029107  -3.882920097  2.4156143727  -1.1174970779  -2.1939942697  0.72152389781  -2.3617683794  -2.7357217785  -0.68829520917  -1.7211012561  -1.3934040042  -5.4103637587  -3.8014224527  -5.5101895621  2.1546458756  -3.6393248895  -1.3672054527  0.10599181626  1.9632495449  
214.7695  8.5464883591  -4.4322881976  -3.184025743  -1.2874153704  -2.5773320466  3.1984047438  -0.044761283108  -4.0409580511  2.4603686891  -1.1922227508  -2.1350069903  0.81093823835  -2.5470321391  -2.8697919779  -0.76661043726  -1.6695225097  -1.4848115547  -5.5360359624  -3.991824294  -5.8661003159  2.2044944748  -3.7828511156  -1.341042178  0.020064948602  1.9616785468  
214.3093  8.9137385938  -4.6443761818  -3.3296248282  -1.4193956945  -2.567075547  3.4027502319  -0.061308228611  -4.1922118848  2.499104972  -1.2666158852  -2.0623045835  0.9062991333  -2.7316904313  -3.0028153578  -0.84925662939  -1.60713877  -1.573529657  -5.6415139908  -4.1778326973  -6.221727033  2.2506771146  -3.9137225999  -1.3069798047  -0.072125524245  1.9581328642  
213.851  9.2731705149  -4.8559667741  -3.4707453695  -1.5511391938  -2.5420437109  3.6159173018  -0.077254767408  -4.3353515327  2.5316347649  -1.3402100046  -1.9762408604  1.0075951352  -2.9144344079  -3.1343430017  -0.93583306187  -1.5342114581  -1.6586562076  -5.7250220191  -4.3581928195  -6.5744150443  2.2929255062  -4.0297662768  -1.265066228  -0.1700255949  1.9533568148  
213.3946  9.622683888  -5.0661202163  -3.6061941101  -1.6815315703  -2.5021350872  3.8380077041  -0.092307091137  -4.4690568167  2.5578353809  -1.4125300654  -1.8773521174  1.1147854118  -3.0939390975  -3.2639785794  -1.0258649312  -1.4511309777  -1.7392795465  -5.7849043333  -4.5316777031  -6.9213888315  2.330971076  -4.1288082078  -1.2154412494  -0.27298247174  1.9481448678  
212.9402  9.9601715731  -5.2738534228  -3.7347701156  -1.8094333762  -2.4474114324  4.0691127804  -0.10617121527  -4.5920330439  2.5776522069  -1.4830959269  -1.7663540692  1.2278008172  -3.2688775855  -3.3913882616  -1.1188073445  -1.3584131014  -1.8144882572  -5.8196452912  -4.6971051154  -7.2597848084  2.3645430147  -4.2087009812  -1.1583381197  -0.38025011382  1.9433265131  
212.4877  10.283537968  -5.4781413424  -3.8552798697  -1.933695856  -2.3781014866  4.3093132726  -0.11855879596  -4.7030265088  2.5910999432  -1.5514256169  -1.6441355508  1.3465453477  -3.4379347102  -3.5163094829  -1.2140508466  -1.2566929461  -1.8833811579  -5.827887519  -4.8533539725  -7.5866874455  2.3933662638  -4.2673522689  -1.0940837292  -0.49099664537  1.9397497271  
212.0372  10.59071763  -5.6779179499  -3.9665530306  -2.0531775564  -2.2946023754  4.5586787754  -0.12919310718  -4.8008395222  2.5982627518  -1.6170383395  -1.5117491116  1.4708979475  -3.5998199947  -3.6385582009  -1.310928434  -1.1467166152  -1.9450773476  -5.808448062  -4.9993800238  -7.899168178  2.4171595306  -4.3027541061  -1.0230974074  -0.60431356786  1.9382633987  
211.5885  10.8796938  -5.872076834  -4.0674585691  -2.1667613961  -2.1974785561  4.817266729  -0.13781504964  -4.8843445701  2.5992933087  -1.6794571755  -1.3703987106  1.6007146285  -3.753279569  -3.7580343023  -1.4087239723  -1.0293306415  -1.9987261737  -5.7603322553  -5.1342304848  -8.1943264451  2.4356334234  -4.3130124228  -0.945888322  -0.71922664504  1.9396991273  
211.1418  11.148516545  -6.0594713802  -4.1569209878  -2.2733718572  -2.0874582709  5.0851208535  -0.14418906034  -4.9524972062  2.5944107798  -1.7382114413  -1.2214247992  1.7358308645  -3.8971068852  -3.8747248291  -1.5066818979  -0.90546941973  -2.0435169919  -5.6827451322  -5.2570573246  -8.4693321264  2.4484888019  -4.2963763271  -0.86305148432  -0.83470829666  1.9448528414  
210.6969  11.39532025  -6.238914575  -4.2339362974  -2.3719919458  -1.9654275144  5.3622689298  -0.14810879431  -5.0043472818  2.5838977595  -1.7928386794  -1.0662871521  1.8760642267  -4.0301520806  -3.9887047171  -1.604018056  -0.77614086563  -2.0786885929  -5.5751002427  -5.367128936  -8.7214685747  2.4554154296  -4.2512666188  -0.77526239161  -0.94969129953  1.9544667095  
210.2539  11.61834016  -6.4091784948  -4.2975874172  -2.4616795611  -1.8324215707  5.6487198433  -0.14940245577  -5.0390481386  2.5680962336  -1.8428862662  -0.90654586709  2.0212172265  -4.1513299045  -4.1001347819  -1.6999314952  -0.64241058119  -2.1035381803  -5.4370258101  -5.4638399502  -8.9481753948  2.4560910136  -4.1763030032  -0.6832703529  -1.0630835628  1.9692118269  
209.8128  11.815927736  -6.5689935777  -4.347058659  -2.5415829111  -1.6896142193  5.9444598211  -0.14793766657  -5.0558634171  2.5474026415  -1.8879126289  -0.74384100306  2.1710803389  -4.2596261828  -4.2092567297  -1.7936170149  -0.5053848436  -2.1174297881  -5.2683682031  -5.5467189869  -9.1470900893  2.4501807074  -4.070329472  -0.58789056058  -1.1737837178  1.9896721598  
209.3735  11.986564568  -6.7170478096  -4.3816489574  -2.6109546248  -1.5383047565  6.2494478119  -0.14362577381  -5.0541711725  2.5222621326  -1.9274880753  -0.57987135876  2.3254351858  -4.3541028579  -4.3163850285  -1.8842782393  -0.36619276083  -2.1198020337  -5.0691927522  -5.6154341693  -9.3160876826  2.4373371437  -3.9324373272  -0.48999498204  -1.2806972419  2.0163302069  
208.936  12.12887463  -6.8519859894  -4.4007835227  -2.6691642295  -1.3799030172  6.5636099785  -0.13642551534  -5.0334650448  2.4931621184  -1.9611952434  -0.41637291303  2.4840578599  -4.4339016985  -4.4218955384  -1.9711409712  -0.22596795706  -2.1101751118  -4.8397819817  -5.6697962718  -9.4533174487  2.4172010531  -3.7619853447  -0.39050215418  -1.3827528239  2.0495548105  
208.5004  12.241634692  -6.9724092659  -4.4040236081  -2.7157086899  -1.215912627  6.8868332985  -0.1263459816  -4.9933522917  2.4606252348  -1.9886291859  -0.25509744838  2.6467223811  -4.4982468282  -4.5262108765  -2.0534665709  -0.085830159627  -2.0881569361  -4.5806313642  -5.7097594058  -9.5572359032  2.3894025153  -3.5586166021  -0.29036596985  -1.4789186695  2.089591495  
208.0666  12.323782763  -7.0768751603  -4.3910741141  -2.7502207448  -1.0479127432  7.2189582982  -0.1134488337  -4.9335485629  2.4252018295  -2.0093971068  -0.097791863853  2.8132042727  -4.5464462656  -4.6297825663  -2.1305650909  0.053132940432  -2.053448345  -4.2924427358  -5.7354191868  -9.6266352777  2.3535628758  -3.322271534  -0.19056354717  -1.5682184489  2.1365556547  
207.6346  12.374424439  -7.1638983062  -4.3617887855  -2.7724748202  -0.87753857949  7.5597709732  -0.09784975909  -4.8538693778  2.3874620949  -2.0231177715  0.053821348112  2.983284251  -4.5778927072  -4.7330701131  -2.2018078989  0.18988319192  -2.0058472896  -3.9761155303  -5.7470083637  -9.6606667736  2.3092973507  -3.0531968317  -0.092082273396  -1.649746594  2.1904288353  
207.2043  12.392837137  -7.2319521407  -4.3161727967  -2.7823903506  -0.70646102968  7.9089939818  -0.07971916869  -4.7542183533  2.3479879641  -2.0294206135  0.19806203314  3.1567520159  -4.5920638073  -4.8365172317  -2.26663952  0.3234485067  -1.9452519261  -3.632736005  -5.7448899228  -9.6588579877  2.2562183319  -2.7519498549  0.0040938873321  -1.7226826687  2.2510582701  
206.7759  12.378472207  -7.279471782  -4.2543825707  -2.7800323972  -0.53636572561  8.2662772309  -0.059282159495  -4.6345723207  2.3073648814  -2.0279445615  0.33330834688  3.3334101244  -4.5885222235  -4.9405255462  -2.3245884395  0.45293808449  -1.8716625374  -3.2635646348  -5.7295477131  -9.6211240178  2.1939393931  -2.4193982971  0.096998735807  -1.7863045554  2.3181597399  
206.3492  12.330954995  -7.3048583132  -4.1767227237  -2.7656095105  -0.36893187707  8.6311880068  -0.036817785529  -4.4949635631  2.2661735567  -2.0183366128  0.45801047096  3.5130779182  -4.5669156946  -5.0454261723  -2.3752766181  0.57755605397  -1.7851822129  -2.8700218537  -5.701574664  -9.5477718829  2.1220799877  -2.0567149151  0.18569874617  -1.8400002258  2.3913237278  
205.9243  12.250082968  -7.3064846657  -4.0836400829  -2.7394688494  -0.20581124471  9.0032008355  -0.012657695569  -4.3354595  2.2249817994  -2.0002501796  0.57070185662  3.6955954641  -4.5269774056  -5.1514496805  -2.418427491  0.69661328404  -1.6860162139  -2.4536723133  -5.6616586937  -9.4394980318  2.0402708207  -1.6653672174  0.26930846044  -1.8832778948  2.4700247388  
205.5011  12.135822102  -7.2827032672  -3.9757147815  -2.7020886286  -0.04860759553  9.3816872884  0.012815792132  -4.1561402363  2.1843365218  -1.9733432364  0.67000786532  3.8808274443  -4.4685268687  -5.2586950264  -2.4538722447  0.80953716194  -1.5744699619  -2.016207819  -5.610566426  -9.297378858  1.9481598686  -1.2471020904  0.34700628949  -1.915774389  2.5536335584  
205.0797  11.988301744  -7.2318555696  -3.8536484842  -2.6540680295  0.10114301944  9.7659059789  0.039172100403  -3.9570744794  2.1447559889  -1.9372762998  0.75465176478  4.0686669156  -4.3914715109  -5.3670981051  -2.4815541944  0.91587918148  -1.4509455858  -1.5594290913  -5.5491248529  -9.122854289  1.8454190096  -0.8039254329  0.41805063898  -1.9372615943  2.6414321268  
204.6599  11.807808248  -7.1522835238  -3.718249857  -2.5961147629  0.24199084222  10.154993019  0.065935208699  -3.7382944098  2.1067223824  -1.8917102739  0.82345812764  4.2590388321  -4.295809113  -5.4764006623  -2.5015311168  1.0153202319  -1.3159369758  -1.0852264886  -5.4782010955  -8.9177046636  1.7317512227  -0.33807696511  0.48179627277  -1.9476508854  2.7326306192  
204.2419  11.5947777  -7.0423430089  -3.5704174378  -2.5290305287  0.37258954041  10.54795323  0.092586795839  -3.4997701593  2.0706747344  -1.8363042024  0.87535376554  4.4519032006  -4.1816311887  -5.5861203458  -2.51397543  1.1076735257  -1.170023302  -0.59555981204  -5.3986804323  -8.6840212565  1.6068983004  0.14799953013  0.53771081599  -1.9469954706  2.8263862479  
203.8257  11.349788105  -6.9004191593  -3.4111201169  -2.4536946571  0.49171162535  10.943652405  0.11856963978  -3.241384613  2.037002279  -1.7707129693  0.90936641178  4.647257716  -4.0491273322  -5.6955227237  -2.5191721536  1.1928851507  -1.0138609662  -0.092437310083  -5.3114427771  -8.4241709416  1.470649013  0.65169017646  0.58539128446  -1.9354906251  2.9218232365  
203.411  11.073551404  -6.7249434703  -3.2413754723  -2.3710462604  0.59826192206  11.340810963  0.14329121677  -2.9629092952  2.0060382584  -1.6945850027  0.92462143703  4.8451397008  -3.8985904983  -5.8035961268  -2.5175146241  1.2710322735  -0.84817398049  0.42210600775  -5.2173378019  -8.1407556123  1.3228476505  1.1702487353  0.62458050558  -1.9134718077  3.0180533713  
202.9981  10.766905721  -6.5144124939  -3.0622262435  -2.2820652478  0.69128889748  11.737999284  0.16612745934  -2.6639821331  1.9780542159  -1.6075600394  0.92033694414  5.0456271565  -3.7304231152  -5.9090301727  -2.5094979875  1.3423190641  -0.67374278377  0.94603063283  -5.1171589203  -7.8365670831  1.1634028551  1.7008375596  0.65518326923  -1.8814106923  3.1141965057  
202.5869  10.430808241  -6.2674078788  -2.874715253  -2.1877525787  0.76999369851  12.133635072  0.18642665312  -2.3440879065  1.9532548012  -1.5092670178  0.89581763715  5.2488387229  -3.545143868  -6.0101988268  -2.4957105378  1.4070704446  -0.49139153995  1.4773152718  -5.0116163578  -7.5145382914  0.99229664451  2.240571147  0.67728201497  -1.8399091618  3.2094003818  
202.1773  10.066329073  -5.9826174496  -2.6798591103  -2.0891101429  0.83373679969  12.52598302  0.20351347629  -2.0025421898  1.9317731081  -1.3993221765  0.85044789543  5.4549323396  -3.3433949333  -6.1051488146  -2.4768230166  1.4657237962  -0.30197399457  2.0139798729  -4.9013095619  -7.1776916901  0.80959351023  2.7865615911  0.69115182504  -1.7896913334  3.3028591435  
201.7694  9.6746464564  -5.6588569726  -2.4786210427  -1.9871206537  0.88204221046  12.913157082  0.21669321063  -1.6384795705  1.9136665642  -1.2773274419  0.78368450568  5.6641024072  -3.125949398  -6.191594152  -2.4535760387  1.5188187816  -0.10635800479  2.5541088007  -4.7866992219  -6.8290857769  0.61544945822  3.3359651652  0.6972744526  -1.7315936986  3.3938299464  
201.3631  9.2570435878  -5.2950922168  -2.2718832136  -1.8827279389  0.91459924429  13.293125571  0.22525617884  -1.2508468912  1.8989133901  -1.1428691956  0.69504951213  5.8765752691  -2.8937185525  -6.2669174789  -2.4267658493  1.5669854601  0.09459109845  3.0958739642  -4.6680791972  -6.4717607377  0.41012084172  3.8860292141  0.69635107255  -1.6665534691  3.4816471159  
200.9584  8.8149073134  -4.8904608933  -2.0604188841  -1.7768179972  0.93126190321  13.663719304  0.22848248777  -0.83840219866  1.8874096436  -0.99551751978  0.58412363881  6.0926028581  -2.6477587217  -6.3281787842  -2.3972286661  1.6109308822  0.30002811138  3.6375576704  -4.5455486788  -6.1086841954  0.19397281781  4.4341384936  0.68931340035  -1.5955952247  3.5657333718  
200.5554  8.3497288267  -4.444294042  -1.844864778  -1.6702011684  0.93204598298  14.022642926  0.22564717911  -0.3997200076  1.8789668666  -0.83482602075  0.4505407182  6.3124544014  -2.3892772829  -6.3721319877  -2.3658238943  1.6514243589  0.50914626824  4.1775749371  -4.4189849416  -5.7426980454  -0.032512758447  4.9778600674  0.67733278412  -1.5198159632  3.6456077213  
200.154  7.8631064421  -3.9561364348  -1.6256939986  -1.5635957414  0.91712405275  14.3674895  0.21602590781  0.066796614902  1.8733103505  -0.66033233279  0.29398352904  6.5364061278  -2.119637514  -6.3952497029  -2.3334165367  1.689281599  0.72119596031  4.7144949574  -4.2880170725  -5.376467335  -0.26873020503  5.5149858673  0.66182684051  -1.4403686462  3.7208897149  
199.7541  7.3567504076  -3.4257655793  -1.4031898407  -1.4576132919  0.88681850926  14.695758359  0.198901281  0.56289675426  1.8700780371  -0.47155940326  0.11418140362  6.7647289923  -1.8403619309  -6.393756341  -2.3008591479  1.725347907  0.93550351422  5.2470613767  -4.1520010962  -5.0124320977  -0.51394386561  6.0435720322  0.64446317664  -1.3584443366  3.791299868  
199.3559  6.8324896134  -2.853208932  -1.177420824  -1.3527460109  0.84159294766  15.004876145  0.1735699964  1.0904548897  1.8688200692  -0.26801765519  -0.089090085676  6.9976745086  -1.553133796  -6.3636695405  -2.2689737021  1.7604806202  1.1514896374  5.7742110055  -4.0099969466  -4.652762994  -0.76728317103  6.5619741741  0.62715972252  -1.2752530153  3.8566561613  
198.9593  6.292279944  -2.2387589716  -0.94821726393  -1.2493562528  0.78204212802  15.292220844  0.13935091686  1.6514365715  1.8689990045  -0.04920811567  -0.31600710928  7.2354588675  -1.2597965184  -6.30084971  -2.2385337525  1.7955309584  1.3686871016  6.295090571  -3.8607477646  -4.2993215367  -1.0277391423  7.0688777712  0.61208119273  -1.192003164  3.9168666507  
198.5642  5.7382139081  -1.5829858299  -0.71514967929  -1.1476684969  0.7088808479  15.555148566  0.095594206577  2.2478566004  1.8699907  0.18537341253  -0.56669304384  7.4782456107  -0.96235071828  -6.201057272  -2.2102472635  1.8313254381  1.5867572056  6.8090710927  -3.702662022  -3.9536255927  -1.2941625675  7.5633229602  0.60163120563  -1.1098801988  3.9719183316  
198.1707  5.1725310705  -0.8867472352  -0.47750932221  -1.0477638869  0.62293205574  15.791022651  0.041691633442  2.881729959  1.8710858704  0.43623107316  -0.8412112932  7.7261272213  -0.6629487847  -6.0600169821  -2.1847404891  1.8686469923  1.8055045414  7.3157594685  -3.5337989939  -3.6168207615  -1.5652640776  8.0447230931  0.5984396141  -1.0300238421  4.0218625134  
197.7788  4.5976287076  -0.15119558607  -0.23429110073  -0.94957748077  0.5251145573  15.997244658  -0.022911889815  3.555015931  1.871492315  0.70386252699  -1.1395554108  7.9791060859  -0.36388682724  -5.8734884893  -2.1625432509  1.9082159193  2.0248895819  7.8150068684  -3.3518581071  -3.2896581242  -1.8396163315  8.5128765342  0.6053446466  -0.9535045264  4.0667970659  
197.3884  4.0160720137  0.62221796283  0.015820849239  -0.85289832331  0.4164306765  16.171286617  -0.098705494475  4.2695560472  1.8703377968  0.98875134533  -1.461636533  8.2370753625  -0.067593992964  -5.6373420924  -2.1440759411  1.9506707638  2.2450386173  8.3069135654  -3.1541726943  -2.972478757  -2.1156584978  8.9679712983  0.62536952052  -0.88129893788  4.1068459883  
196.9995  3.430603109  1.4317424563  0.27446470012  -0.75737242452  0.29795423274  16.31072387  -0.18609829574  5.0270066963  1.8666735489  1.2913582238  -1.8072681977  8.4998003651  0.2233808013  -5.3476384483  -2.1296385374  1.9965492255  2.4662505937  8.7918298758  -2.937708672  -2.6652052855  -2.3917031876  9.4105822734  0.66169327342  -0.81426482619  4.1421368338  
196.6122  2.8441480342  2.2753291279  0.54360934806  -0.662508715  0.17081918863  16.413267745  -0.28540416588  5.8287674375  1.859478367  1.6121110386  -2.17614868  8.7669011266  0.50638459528  -5.0007108057  -2.1194018668  2.0462691703  2.6890004491  9.2703529485  -2.6990686346  -2.3673406512  -2.6659459557  9.8416609181  0.71761565922  -0.75311523525  4.172776582  
196.2264  2.2598208795  3.1506363605  0.82555949352  -0.56768803132  0.036209304666  16.476797199  -0.39682549231  6.6759062526  1.8476632349  1.9513937938  -2.5678410356  9.0378368394  0.77867836816  -4.5932481686  -2.1134012976  2.1001098136  2.913938601  9.7433192202  -2.434501818  -2.0779741436  -2.9364774381  10.262517482  0.79651607646  -0.69839234462  4.1988265987  
195.8421  1.6809241744  4.0550375083  1.1229571889  -0.47217517467  -0.10465088994  16.499388549  -0.52043614815  7.5690831548  1.830076414  2.3095345355  -2.9817510901  9.3118928759  1.0374570057  -4.122377663  -2.1115329746  2.1581931357  3.1418863169  10.211792448  -2.1399203347  -1.7957946421  -3.2012981432  10.67479595  0.90180663038  -0.65044115482  4.2202773452  
195.4593  1.1109446736  4.9856314332  1.438779674  -0.37513407667  -0.25050353746  16.47934237  -0.65616398317  8.5084737455  1.8055089148  2.6867923393  -3.4171036553  9.5881710759  1.2798709155  -3.5857442687  -2.1135526383  2.2204655853  3.3738267913  10.677047336  -1.8109220114  -1.5191108978  -3.4583358547  11.080442064  1.0368795779  -0.60938330034  4.237023506  
195.078  0.55354370684  5.939255585  1.7763333416  -0.27564609923  -0.40006307654  16.415206615  -0.80377322566  9.4936944539  1.7727002533  3.0833435036  -3.8729172964  9.8655839293  1.5030488981  -2.981586015  -2.1190769943  2.2866801282  3.6108918534  11.140548892  -1.442820077  -1.2458785775  -3.7054655471  11.481664925  1.2050495607  -0.57509133215  4.2488401895  
194.6982  0.012541319235  6.9125014396  2.1392437039  -0.17273148797  -0.55201988139  16.30579507  -0.96284726726  10.52373132  1.7303443837  3.4992671152  -4.3479779982  10.142853197  1.7041218387  -2.3088027123  -2.1275875168  2.3563786992  3.8543443529  11.60392776  -1.0306798508  -0.97373367898  -3.9405316533  11.880892789  1.4094911917  -0.54716387347  4.25536082  
194.3199  -0.50810648331  7.9017321108  2.5314412604  -0.06537399103  -0.70504180969  16.15020028  -1.132772381  11.59687426  1.6770956888  3.9345301819  -4.8408121131  10.418513396  1.8802467503  -1.5670163143  -2.138436492  2.4288751245  4.1055563845  12.068951896  -0.5693624677  -0.70003182496  -4.1613724691  12.280723803  1.6531727193  -0.52490211908  4.2560572933  
193.943  -1.0043379585  8.9031019619  2.95714321  0.047451355677  -0.85777362768  15.947800202  -1.3127229936  12.710658814  1.6115749006  4.3889725574  -5.3496589873  10.690920411  2.028630677  -0.75662107601  -2.1508550261  2.5032385877  4.3659836459  12.537495087  -0.053575552365  -0.42189283303  -4.3658464286  12.68387249  1.9387866485  -0.50728821457  4.2502228946  
193.5676  -1.4720237612  9.9125780664  3.420830992  0.16674728974  -1.008834362  15.698257932  -1.5016491946  13.861817366  1.5323748197  4.8622919174  -5.8724436821  10.958265327  2.1465539627  0.12117820332  -2.1639626705  2.5782777275  4.6371363396  13.011502883  0.52206938012  -0.13624986056  -4.5518599421  13.093112861  2.2686783395  -0.49296611721  4.2369584022  
193.1936  -1.9070132712  10.925963399  3.9272236977  0.29346026229  -1.1568127169  15.401514032  -1.6982672117  15.046241789  1.4380657004  5.3540290755  -6.4067502188  11.218593353  2.2313923907  1.0643413868  -2.1767782465  2.6525254675  4.9205471518  13.492956628  1.1629931638  0.16009767695  -4.7173964576  13.511219066  2.6447737312  -0.48022559875  4.2151617073  
192.8211  -2.305189223  11.938921679  4.4812474494  0.42844331466  -1.3002607898  15.057771155  -1.9010536123  16.258959372  1.3272001679  5.86355396  -6.9497957848  11.469827485  2.28063772  2.0699829644  -2.188231393  2.7242246893  5.2177369409  13.983836359  1.8745793768  0.47042830827  -4.8605463879  13.940904474  3.0685074415  -0.46699010146  4.1835211782  
192.45  -2.6625305645  12.947003825  5.088000913  0.57241598201  -1.4376864147  14.667470878  -2.1082440051  17.494123728  1.1983175404  6.3900526065  -7.4984063455  11.709796324  2.291916174  3.1343778052  -2.1971743162  2.7913148815  5.5301788604  14.486083342  2.6620995581  0.79804081123  -4.9795375437  14.38476006  3.5407525747  -0.45080919548  4.1405128979  
192.0804  -2.9751832682  13.945676046  5.7527171771  0.72592135487  -1.5675445674  14.231262874  -2.3178370016  18.745022179  1.0499474339  6.93251555  -8.0489941148  11.936265208  2.2630044724  4.2529834063  -2.2023931834  2.8514199019  5.8592617032  15.001563107  3.5306340647  1.1461956801  -5.0727657241  14.845192887  4.0617536174  -0.4288564063  4.0844017944  
191.7121  -3.2395386196  14.930349612  6.4807223075  0.88928047843  -1.6882283612  13.749966826  -2.5276041671  20.004100844  0.88061253481  7.4897280352  -8.5975373391  12.146969588  2.1918430504  5.4204789813  -2.2026185889  2.9018370101  6.2062532972  15.532029781  4.4849895312  1.5180568829  -5.1388251425  15.324365419  4.6310638181  -0.39793318067  4.0132465795  
191.3453  -3.452318305  15.896412415  7.2773909565  1.0625443265  -1.7980602645  13.224527701  -2.7351066288  21.263008342  0.68883043817  8.0602624901  -9.1395628601  12.339649355  2.0765461626  6.6308213402  -2.196534521  2.9395273319  6.5722647931  16.079092524  5.5296140351  1.91663509  -5.17653841  15.824136233  5.2474884317  -0.35447973342  3.9249083141  
190.9799  -3.6106654161  16.839262455  8.1480994794  1.2454436525  -1.8952842617  12.655965293  -2.9377189255  22.512658657  0.47311445542  8.642473735  -9.6701319261  12.512082645  1.9154086317  7.877317087  -2.1827852786  2.9611079269  6.9582166646  16.644184799  6.6685111957  2.344733591  -5.1849858495  16.346002627  5.9090351561  -0.29459346425  3.8170623222  
190.6158  -3.7122403001  17.754343429  9.0981770758  1.4373370926  -1.9780597601  12.045319159  -3.1326605716  23.743313285  0.23197330696  9.2344974228  -10.183829731  12.662117483  1.7069090693  9.1527102285  -2.1599798302  2.9628456366  7.3648071925  17.228537119  7.9051545419  2.8048981309  -5.1635339783  16.891045431  6.6128730019  -0.21405554808  3.6872130951  
190.2532  -3.7553199969  18.63718259  10.132855531  1.6371579766  -2.0444581197  11.393590312  -3.3170356735  24.944682364  -0.036090377896  9.834252217  -10.674759173  12.78769953  1.4497094668  10.449283849  -2.1266931703  2.9406528882  7.7924841191  17.833153813  9.2424035781  3.2993718897  -5.1118630648  17.459876231  7.3553007184  -0.10836618376  3.5327117565  
189.8919  -3.7388998375  19.483431091  11.257218176  1.8433603855  -2.0924627345  10.701681234  -3.4878807758  26.106043967  -0.33258282506  10.439446224  -11.136539341  12.886894164  1.1426511281  11.758974078  -2.0814643146  2.8900856355  8.2414200465  18.458794206  10.682423037  3.8300567892  -5.0299937309  18.052587037  8.1317257504  0.027211168041  3.3507756019  
189.532  -3.6627956216  20.28890699  12.47614872  2.0538650873  -2.1199736273  9.9703359436  -3.6422209371  27.216380303  -0.65902321162  11.047588187  -11.562309248  12.957901141  0.78474698838  13.073494151  -2.0227906824  2.8063436118  8.7114920156  19.105958467  12.226606846  4.3984822439  -4.9183126367  18.668702368  8.9366545277  0.1975964157  3.1385091848  
189.1735  -3.5277446551  21.049641074  13.794280612  2.2660060717  -2.1248175328  9.2000819481  -3.7771338356  28.264529019  -1.0169491596  11.656003921  -11.944737367  12.999060178  0.37517044161  14.384466028  -1.9491187415  2.6842730707  9.2022655391  19.774878216  13.875508342  5.0057823689  -4.7775973318  19.307133567  9.7636946939  0.40783041769  2.8929263984  
188.8163  -3.3355038113  21.761925646  15.215947594  2.4764784998  -2.104764422  8.3911760343  -3.8898214945  29.239347352  -1.4079236939  12.261858448  -12.276037532  13.008845995  -0.086759124994  15.683556642  -1.8588309386  2.5183721911  9.712983187  20.465511804  15.628778225  5.6526825214  -4.6090403924  19.966135182  10.605569677  0.66300384964  2.6109729946  
188.4604  -3.0889426755  22.422366332  16.745136062  2.6812889762  -2.0575513718  7.5435558271  -3.9776889925  30.129886405  -1.8335437316  12.862184194  -12.547991813  12.985851575  -0.60159381458  16.962615641  -1.7502290977  2.3027993204  10.242557638  21.177544013  17.485111688  6.3394958767  -4.4142729701  20.643263155  11.454145781  0.96817797539  2.2895489937  
188.1059  -2.7921297572  23.027936925  18.385439803  2.8757091423  -1.9809145978  6.6567990421  -4.0384293008  30.925572395  -2.2954501703  13.453915557  -12.751980993  12.928758767  -1.1697773675  18.213811239  -1.6215146459  2.0313842406  10.789568923  21.910389769  19.442206028  7.0661305295  -4.1953878614  21.335334677  12.300471771  1.3282982438  1.9255304702  
187.7527  -2.4504096855  23.576037173  20.140017614  3.0542336732  -1.8726303445  5.7300922584  -4.0701131574  31.616391346  -2.7953396408  14.033930013  -12.879023322  12.836295725  -1.7916675385  19.429760692  -1.4707662083  1.6976426482  11.352265413  22.663201282  21.49672991  7.83210737  -3.9549621504  22.038389572  13.1348307  1.7481019507  1.5157902461  
187.4009  -2.0704692654  24.064553357  22.011554171  3.2105438431  -1.7305651621  4.7622108919  -4.0712826649  32.193073433  -3.3349779803  14.599095792  -12.919822245  12.707181165  -2.4675601899  20.603651863  -1.2959153006  1.2947940606  11.928567939  23.434877903  23.644305246  8.636588706  -3.6960793911  22.747653285  13.946803521  2.2320215286  1.057217094  
187.0504  -1.6603902465  24.491921331  24.002224449  3.337477894  -1.5527358939  3.7515118528  -4.0410470849  32.647272906  -3.9162154688  15.146325974  -12.86482385  12.540055925  -3.1977145067  21.729352409  -1.094721034  0.8157833813  12.516076302  24.224077885  25.879502418  9.4784173101  -3.4223511671  23.457501694  14.725343867  2.7840853436  0.54673313497  
186.7011  -1.2296866473  24.857191636  26.113661806  3.4270095061  -1.3373794526  2.695940122  -3.9791790986  32.971739445  -4.5410038389  15.672638647  -12.704284781  12.333402868  -3.9823786558  22.801503261  -0.86474492192  0.25330639473  13.112077321  25.029231108  28.195849296  10.356165248  -3.1379377071  24.161428227  15.458863175  3.40781818  -0.018690783116  
186.3532  -0.78932449842  25.160096109  28.346929728  3.4702357185  -1.0830321746  1.5930501923  -3.8862096184  33.160476716  -5.2114150294  16.175222507  -12.428351438  12.085456736  -4.8218151322  23.815593344  -0.60332704215  -0.40016050211  13.713553523  25.848551808  30.585854203  11.268191521  -2.8475670348  24.852014035  16.135325233  4.1061438607  -0.64202181982  
186.0066  -0.35172190011  25.401115279  30.702497065  3.4573756898  -0.78861822155  0.44004299698  -3.7635190732  33.208884017  -5.9296615895  16.651507055  -12.027151217  11.794106162  -5.716324955  24.768012793  -0.3075649465  -1.1523259766  14.317191542  26.680050293  33.041042612  12.212707237  -2.5565519147  25.520902303  16.742349082  4.8812926784  -1.326153956  
185.6612  0.069272647198  25.581545679  33.18021643  3.3777817079  -0.45354613863  -0.76618140035  -3.6134229527  33.113877034  -6.6981185522  17.09923619  -11.490896611  11.45679056  -6.6662698023  25.656082397  0.025703180158  -2.0110444395  14.919389362  27.521542652  35.552007049  13.187846687  -2.2708036091  26.158778086  17.267319141  5.73471648  -2.0738987081  
185.3172  0.45842559184  25.703566009  35.779305273  3.2199638684  -0.077812299557  -2.0289554434  -3.4392492844  32.873984065  -7.5193464905  17.516543746  -10.810002897  11.070395178  -7.6720911057  26.478057515  0.39990953533  -2.9842712677  15.516261589  28.370657513  38.10846925  14.191742453  -1.9968412124  26.755355416  17.697501364  6.6670143398  -2.8879774141  
184.9744  0.79918919  25.770300952  38.498329028  2.9716298249  0.3378904314  -3.3517605059  -3.24540564  32.489414427  -8.3961153305  17.902029158  -9.9752200977  10.631148005  -8.7343250689  27.233105284  0.81876028416  -4.0800120638  16.103642122  29.224838958  40.699353296  15.222602363  -1.7417950816  27.299373725  18.0201642  7.6778717714  -3.7710146026  
184.6329  1.073799545  25.785881201  41.335185567  2.6197409809  0.79206089828  -4.7381289208  -3.0374332199  31.96209629  -9.3314283294  18.254831145  -8.9777798004  10.134522646  -9.853612537  27.921254637  1.2862301306  -5.3062654033  16.677083747  30.081344877  43.31286808  16.278785956  -1.5134026512  27.778605922  18.222703132  8.7660163401  -4.7255318008  
184.2926  1.2634032923  25.75549812  44.287090146  2.1505864315  1.2822771932  -6.1915327833  -2.8220455582  31.295681744  -10.32854544  18.574697001  -7.809557233  9.5751514852  -11.030702618  28.543319325  1.8065463678  -6.6709584908  17.231854444  30.937240128  45.936597132  17.358877916  -1.3199947251  28.179880686  18.292767588  9.9291923496  -5.7539409751  
183.9536  1.3482141382  25.68545124  47.350559941  1.5498758711  1.805086403  -7.7152610246  -2.6071494162  30.495517596  -11.391005062  18.862044799  -6.463248812  8.9467536696  -12.26644897  29.100794896  2.384161037  -8.1818751438  17.762930439  31.789384136  48.557593556  18.461755899  -1.1704701868  28.489121702  18.218389047  11.164156973  -6.8585366553  
183.6158  1.3077001475  25.583186645  50.521397237  0.80285256277  2.3558997809  -9.3122865465  -2.4018455039  29.568581108  -12.522642955  19.118015592  -4.9325650781  8.2420824181  -13.561797694  29.595731303  3.023710025  -9.8465755342  18.264986365  32.634412699  51.1624776  19.586650113  -1.0742569904  28.691406621  17.9881092  12.466699786  -8.0414856535  
183.2793  1.1208022931  25.45732409  53.794670389  -0.10557270074  2.9288968679  -10.985125466  -2.216406782  28.523380689  -13.727606825  19.344512542  -3.2124385864  7.4528960444  -14.917765864  30.030583596  3.7299581914  -11.672307178  18.732383179  33.468714098  53.737534258  20.733192148  -1.0412572858  28.771048467  17.591107103  13.831687113  -9.3048131802  
182.944  0.76618433198  25.317670599  57.164691691  -1.1906659146  3.5169423275  -12.735690743  -2.0622322596  27.369822346  -15.010364868  19.544223807  -1.2992458844  6.5699568065  -16.335409817  30.408043812  4.5077299408  -13.665906751  19.159154827  34.288399805  56.268808219  21.901450652  -1.081774625  28.711702074  17.017324278  15.253131996  -10.65038407  
182.6099  0.22251354703  25.175218116  60.624991431  -2.4676919827  4.1115194195  -14.565142635  -1.9517744142  26.119043528  -16.375706282  19.720626044  0.808957807  5.5830612528  -17.815782516  30.730857881  5.3618250367  -15.833692449  19.538994923  35.08927041  58.742193536  23.091951742  -1.2064213874  28.496497784  16.257586791  16.724289795  -12.079877788  
182.2771  -0.53122871053  25.042122722  64.168287542  -3.9517144681  4.7026841009  -16.473738578  -1.8984386278  24.783216813  -17.828731564  19.877965487  3.1121931972  4.4811051574  -19.359879473  31.001631925  6.2969198837  -18.181346787  19.865245007  35.86677767  61.143515551  24.305682315  -1.4260048655  28.108204222  15.303723369  18.237778682  -13.594755873  
181.9454  -1.5154084187  24.931662887  67.786450465  -5.6573731578  5.2790436979  -18.460685161  -1.9164533633  23.375326667  -19.374830205  20.021213849  5.6083034825  3.2521854046  -20.968573014  31.222632839  7.3174549756  -20.713790003  20.130886166  36.615983865  63.458602859  25.544074877  -1.7513908776  27.529421343  14.148678649  19.78572334  -15.196220536  
181.615  -2.7493747171  24.85817422  71.47046307  -7.5986400466  5.8277639212  -20.523994944  -2.0207101955  21.908923206  -21.019643265  20.155996626  8.292696285  1.8837403323  -22.642534953  31.395588442  8.4275097089  -23.435044462  20.328535983  37.331519951  65.673347503  26.808972922  -2.1933443029  26.742804243  12.786620657  21.359919302  -16.885163228  
181.2857  -4.2510734834  24.836958284  75.21037576  -9.7885548178  6.3346077006  -22.660350893  -2.2265732707  20.397857588  -22.769008254  20.28849196  11.158085218  0.36272907133  -24.382148099  31.521492738  9.6306662709  -26.348090851  20.450452874  38.007544262  67.773752076  28.102576434  -2.7623465823  25.731317323  11.213041641  22.952014414  -18.662102174  
180.9577  -6.0366428355  24.884163182  78.995257165  -12.238941442  6.7840088696  -24.864981172  -2.5496583015  18.856004202  -24.628883766  20.425298861  14.194236191  -1.3241506347  -26.187407425  31.600421973  10.929864823  -29.454717312  20.488549923  38.637703771  69.745963013  29.427367628  -3.4683909707  24.478517479  9.4248513473  24.553702993  -20.527108118  
180.6308  -8.119995645  25.01663389  82.813141153  -14.960108105  7.1591831571  -27.131547048  -3.0055818086  17.296975292  -26.605251443  20.573274397  17.387724445  -3.190207768  -28.057812144  31.631367163  12.327252686  -32.75536305  20.434420219  39.215100097  71.576290038  30.786017613  -4.3207571488  22.968863877  7.42046181  26.156927442  -22.479717831  
180.3051  -10.512395073  25.251730639  86.650971224  -17.960533324  7.4422782239  -29.452046548  -3.6096819949  15.733833998  -28.703993106  20.73934043  20.721709186  -5.2484693265  -29.992250394  31.612088599  13.824030681  -36.248958431  20.279375602  39.732262648  73.251212502  32.181275208  -5.3277676906  21.188050792  5.1998627086  27.754081297  -24.518835368  
179.9806  -13.222030053  25.607114135  90.494543654  -21.246541807  7.6145636345  -31.816736492  -4.3767133884  14.178812025  -30.930741288  20.930261503  24.17573352  -7.5113615141  -31.988878691  31.538997521  15.420300157  -39.932763993  20.014500408  40.181131335  74.757374117  33.615839712  -6.4965298016  19.12335883  2.7646862838  29.338207104  -26.642621494  
179.6573  -16.253598521  26.100496959  94.328451096  -24.821974324  7.6566606965  -34.214075387  -5.3205181972  12.643038214  -33.290701913  21.152396639  27.72555812  -9.9903659102  -34.044998768  31.407069685  17.114914551  -43.802211239  19.630721519  40.55305137  76.081568407  35.092219889  -7.8326666716  16.764018735  0.11826078885  30.903182086  -28.84837226  
179.3351  -19.607906996  26.749361193  98.136028632  -28.687856599  7.548811036  -36.630689575  -6.4536781839  11.136284247  -35.788448588  21.41142904  31.34303769  -12.69565676  -36.156934844  31.209794938  18.905339518  -47.850748492  19.118895564  40.838782551  77.210717973  36.612581898  -9.3400436826  14.101580877  -2.7343485845  32.44388434  -31.132388332  
179.014  -23.281495816  27.570643128  101.89930454  -32.84207297  7.2711816468  -39.051364875  -7.7871517687  9.6667335134  -38.427688798  21.712078866  34.996049708  -15.635726492  -38.31991477  30.939166168  20.787525761  -52.06969543  18.469913624  41.028525329  78.131851377  38.178589247  -11.02049555  11.130282595  -5.7863123799  33.956332316  -33.489837288  
178.6942  -27.266299887  28.580386814  105.5989583  -37.279051273  6.804202974  -41.459065819  -9.3299019872  8.2407788243  -41.211003273  22.057805513  38.648485166  -18.817007416  -40.527958822  30.585710117  22.755798658  -56.448110237  17.674823238  41.111965678  78.832082028  39.791238117  -12.873561214  7.8474046631  -9.0290242154  35.437790624  -35.914611811  
178.3754  -31.549355169  29.793369267  109.2142885  -41.989466045  6.1289354054  -43.834984374  -11.088521847  6.8628541816  -44.139560938  22.450506949  42.260310915  -22.243498214  -42.773780189  30.138561615  24.802768618  -60.972673479  16.724966903  41.078340449  79.298593966  41.450691599  -14.896233895  4.2536075571  -12.452103822  36.886835766  -38.399187389  
178.0578  -36.11256128  31.222701193  112.72319349  -46.959967737  5.2274583816  -46.158619796  -13.066864503  5.5353052224  -47.212813066  22.890224673  45.787712901  -25.916404372  -45.048701337  29.585581709  26.919265769  -65.627592946  15.612135631  40.916524447  79.518639669  43.15611645  -17.08273417  0.3532377267  -16.043416748  38.303376243  -40.934483802  
177.7413  -40.932510512  32.879408308  116.10216779  -52.172946068  4.0832752427  -48.407891036  -15.26568648  4.258302222  -50.428171587  23.374863741  49.18332878  -29.833801938  -47.342590521  28.913519096  29.094302177  -70.394533648  14.328735504  40.615139896  79.479555114  44.905525962  -19.424314157  -3.8454060776  -19.789111592  39.688622591  -43.509735301  
177.426  -45.980393149  34.771999488  119.326317  -57.606335983  2.6817259381  -50.559282722  -17.682312881  3.0297987294  -53.780677844  23.899937923  52.396577306  -33.990334109  -49.643822603  28.10821315  31.315064205  -75.252577055  12.867964565  40.162688341  79.168797148  46.695632428  -21.909100897  -8.3298562698  -23.673675483  41.045004321  -46.112374961  
177.1117  -51.221988315  36.90602916  122.3693944  -63.233474801  1.0103988863  -52.588025407  -20.310334076  1.8455379949  -57.262669484  24.458350418  55.374090337  -38.376949944  -51.939268156  27.154835712  33.566936946  -80.178213315  11.223996835  39.547704315  78.574007815  48.521712487  -24.521986801  -13.083319115  -27.680008344  42.376032317  -48.727939121  
176.7986  -56.617748562  39.283662534  125.20386176  -69.023019089  -0.94046738886  -54.468310281  -23.139343731  0.69910837126  -60.863454435  25.040220617  58.060251348  -42.980694102  -54.214314465  26.038167758  35.83356194  -85.145369858  9.3921697289  38.75892931  77.683109607  50.377488387  -27.244574524  -18.084585336  -31.789516228  43.686107099  -51.339998122  
176.4866  -62.122985076  41.903253257  127.8009772  -74.938929477  -3.1776026553  -56.173538029  -26.154728208  -0.41795216094  -64.569002173  25.63276709  60.397841992  -47.784555858  -56.452921531  24.742906051  38.096928514  -90.125479158  7.3691707888  37.785503797  76.48443469  52.255027876  -30.055182866  -23.308016297  -35.982223777  44.980275271  -53.930119712  
176.1756  -67.688158728  44.758944064  130.13091236  -80.940531091  -5.7043534017  -57.676600926  -29.337517225  -1.5160032515  -68.361663503  26.220256298  62.328795531  -52.767384731  -58.637715564  23.253993975  40.337498257  -95.087587812  5.1532193194  36.617174223  74.96688999  54.144665115  -32.928919275  -28.723612044  -40.236905514  46.263938549  -56.477871411  
175.8658  -73.259280218  47.840301663  132.16290103  -86.982656434  -8.5203712153  -58.950196563  -32.66430527  -2.6071031959  -72.219930861  26.784025485  63.795052855  -57.903878975  -60.75012163  21.556969989  42.534361284  -99.998508291  2.7442383592  35.244511101  73.120158637  56.034944639  -35.837823284  -34.297165882  -44.531235355  47.54252177  -58.960867811  
175.5571  -78.77842034  51.13199766  133.8654208  -93.015876443  -11.621350653  -59.967170908  -36.107252541  -3.704766733  -76.118251719  27.30258671  64.739513537  -63.164651831  -62.770536246  19.638326487  44.665422106  -104.82301387  0.14401237749  33.659133581  70.934936736  57.912590068  -38.751083673  -39.990508217  -48.841953381  48.821108269  -61.354868285  
175.2494  -84.184328871  54.613547506  135.20640905  -98.986824036  -14.998825489  -60.700887571  -39.634173087  -4.8236836585  -80.026907777  27.751817195  65.107070814  -68.516378954  -64.678539686  17.485871428  46.707612181  -109.52407634  -2.6436738255  31.853935246  68.40320277  59.762498974  -41.635330493  -45.761840351  -53.145048507  50.104052825  -63.633929737  
174.9428  -89.413157954  58.259119391  136.15351394  -104.83861281  -18.640031262  -61.12561938  -43.208716451  -5.9794032397  -83.911972423  28.105238945  64.845715826  -73.922028754  -66.453146654  15.089084793  48.637125566  -114.06314509  -5.6129192992  29.823305343  65.518515189  61.567765007  -44.455001218  -51.566156589  -57.415955316  51.394583973  -65.77061798  
174.6373  -94.399283007  62.037424571  136.67438034  -110.51135162  -22.527840823  -61.216957481  -46.790647331  -7.1879902738  -87.735358244  28.334388155  63.907692866  -79.34117562  -68.073092859  12.439461874  50.429673548  -118.40046534  -8.755618134  27.563339298  62.276332072  63.309728214  -47.172778348  -57.355750723  -61.629762976  52.694408716  -67.736280017  
174.3328  -99.076211357  65.911699799  136.73697037  -115.94275359  -26.640778107  -60.952232401  -50.336225747  -8.4656593924  -91.454965202  28.409272198  62.250684035  -84.730394132  -69.51715381  9.5308355301  52.060753769  -122.49543227  -12.061401107  25.072032186  58.67434505  64.96805428  -49.750093755  -63.080800508  -65.761433768  54.003333636  -69.501377902  
174.0295  -103.37756597  69.83979132  136.30991691  -121.06883579  -30.953113635  -60.310940681  -53.798687822  -9.828394836  -95.024938404  28.298909121  59.838998559  -90.043730475  -70.764491011  6.3596698529  53.505929157  -126.306977  -15.517610637  22.34944887  54.712818255  66.520843343  -52.147693072  -68.69002147  -69.786028466  55.31891676  -71.035883128  
173.7271  -107.23812891  73.774348349  135.36290823  -125.82470346  -35.435043403  -59.275169997  -57.128824725  -11.291563408  -98.396042253  27.971941676  56.644739433  -95.23324537  -71.795019618  2.9253182157  54.741111897  -129.79397958  -19.109311229  19.39786475  50.394921757  67.944768927  -54.326251453  -74.131379104  -73.678935506  56.636164573  -72.309728514  
173.4258  -110.59492671  77.663131932  133.8671006  -130.1454098  -40.052950806  -57.830015017  -60.275654581  -12.869528631  -101.5161551  27.397314978  52.648917911  -100.249621  -72.589790573  -0.76976063419  55.74284786  -132.91570367  -22.819336842  16.22187162  45.727048027  69.215247507  -56.247030232  -79.352846547  -77.416100693  57.947287964  -73.293312527  
173.1256  -113.38833761  81.449442826  131.79555514  -133.96688036  -44.769749192  -55.963975804  -63.187179296  -14.575274279  -104.33088546  26.545004162  47.842485047  -105.0428227  -73.13137935  -4.7198339279  56.488597154  -135.6322469  -26.628375819  12.828443774  40.719099341  70.306639161  -57.872562354  -84.303193032  -80.974253995  59.241529782  -73.958048847  
172.8264  -115.5631987  85.072669381  129.12369408  -137.22688795  -49.545300566  -53.669330169  -65.811215405  -16.420045412  -106.78430731  25.386775899  42.227248878  -109.56280446  -73.404272696  -8.9157781734  56.957006917  -137.90500059  -30.515093217  9.2269605536  35.38473383  71.192479668  -59.167353064  -88.932787002  -84.331129942  60.505075089  -74.276951872  
172.5282  -117.06988984  88.468953564  125.82977091  -139.86606238  -54.336903966  -50.942471296  -68.096285289  -18.413014827  -108.81980842  23.89696546  35.816646231  -113.76024619  -73.39524422  -13.345017815  57.128173012  -139.69711252  -34.456289573  5.4291825787  29.741558171  71.845744293  -60.098581257  -93.194396782  -87.465678086  61.721053038  -74.225246868  
172.2311  -117.86537028  91.57197019  121.89534774  -141.82891671  -59.09984516  -47.784201951  -69.992552531  -20.560982411  -110.38104149  22.053249365  28.636339421  -117.58730907  -73.093709351  -17.991521498  56.983887875  -140.97394609  -38.427094351  1.4491803019  23.81125555  72.239143242  -60.636786135  -97.043971081  -90.358260122  62.869636751  -73.780991618  
171.9349  -117.91414359  94.313811279  117.30577247  -143.0648704  -63.787997599  -44.199976931  -71.452782898  -22.868114301  -111.41296398  19.837392463  20.724610446  -120.99839485  -72.492050161  -22.835856985  56.507872458  -141.7035296  -42.401191595  -2.6967850904  17.619638759  72.345448466  -60.756523445  -100.44138152  -92.990830383  63.928244643  -72.925694833  
171.6398  -117.18912726  96.625964286  112.05064772  -143.52924822  -68.354463115  -40.200085899  -72.433310502  -25.335727994  -111.86294874  17.235947784  12.132528645  -123.95089413  -71.585900703  -27.855304531  55.68599081  -141.85698938  -46.351074671  -6.9904268727  11.196619848  72.137850957  -60.436975634  -103.35110981  -95.347096728  64.871843409  -71.644915338  
171.3457  -115.67240392  98.440369876  106.12428242  -143.18423289  -72.752239704  -35.799769518  -72.894987315  -27.9621286  -111.68194337  14.240887645  2.9238720609  -126.40590841  -70.374384069  -33.024027359  54.506446457  -141.40896101  -50.248326363  -11.411640998  4.5760898092  71.59034708  -59.66250071  -105.74286299  -97.412659134  65.673349503  -69.928825217  
171.0526  -113.35583338  99.690542016  99.526116751  -141.9997494  -76.934902872  -31.01926279  -72.804093265  -30.742500418  -110.82565343  10.85014533  -6.8252120149  -128.32893084  -68.860293071  -38.313296708  52.959960229  -140.33797334  -54.063920153  -15.938752789  -2.2042958868  70.678151668  -58.423105481  -107.59210178  -99.175123751  66.304122532  -67.772719677  
170.7605  -110.24150663  100.31273055  92.261110419  -139.95425882  -80.857286573  -25.883760752  -72.133183928  -33.6688568  -109.25572144  7.0680482349  -17.026815849  -129.69047097  -67.050207545  -43.691767878  51.039929548  -138.62680015  -57.768538105  -20.548796191  -9.1034273962  69.378134606  -56.714830174  -108.88046866  -100.62419065  66.734540571  -65.177456586  
170.4694  -106.34202626  100.24710417  84.340084365  -137.0354406  -84.476149674  -20.423303048  -70.861853196  -36.730050044  -106.94087142  2.9056256082  -27.582151339  -130.46660977  -64.954542529  -49.125802738  48.74256941  -136.26277538  -61.332900492  -25.217818483  -16.077144915  67.669276569  -54.540033119  -109.59610478  -101.75171405  66.934644305  -62.149809314  
170.1793  -101.68060124  99.438930054  75.780005665  -133.24074373  -87.750814154  -14.672575521  -68.977389387  -39.911841749  -103.85798759  -1.6192230738  -38.382696166  -130.63947204  -62.587523103  -54.579833314  46.067035335  -133.23806785  -64.728102172  -29.92120237  -23.078733088  65.5331383  -51.907566213  -109.73384744  -102.55173431  66.874834051  -58.702717762  
169.8902  -96.29094776  97.839725019  66.604205898  -128.57778914  -90.643761935  -8.6706286597  -66.475305022  -43.197032712  -99.993095129  -6.4817096026  -49.311593545  -130.19760513  -59.967083392  -60.016760417  43.01552843  -129.54991216  -67.925950587  -34.633996711  -30.059498165  62.954336538  -48.832834275  -109.29530271  -103.02048174  66.526601336  -54.855424349  
169.6021  -90.216992667  95.408352709  56.842523687  -123.06460864  -93.121178242  -2.4605145341  -63.359722912  -46.565650179  -95.342211575  -11.650294968  -60.245285707  -129.13625457  -57.114689057  -65.398380659  39.593382386  -125.20079293  -70.899300352  -39.33124675  -36.969417795  59.921018348  -45.337733941  -108.28879092  -103.15635276  65.863274905  -50.633484057  
169.3149  -83.512380192  92.11204123  46.531362952  -116.7297085  -95.153430747  3.91115429  -59.643604226  -49.995188972  -89.912038805  -17.086985999  -71.055354171  -127.45752923  -54.055084582  -70.685834893  35.809131796  -120.19857986  -73.622379444  -43.988314685  -43.75785074  56.425324351  -41.450470557  -106.7291661  -102.95985956  64.860759847  -46.068640552  
169.0287  -76.239787769  87.927296453  35.713659518  -109.61195001  -96.715475373  10.39471857  -55.348807769  -53.460901866  -83.7204684  -22.747788479  -81.61053319  -125.17045093  -50.815968622  -75.840070779  31.674560608  -114.55661144  -76.071102217  -48.581181749  -50.374291469  52.463830142  -37.205254374  -104.63751348  -102.43355508  63.498248026  -41.19856367  
168.7435  -68.470061266  82.840687676  24.438750152  -101.7602427  -97.787181472  16.938051868  -50.505973707  -56.936133495  -76.796876622  -28.583309942  -91.778856824  -122.29088608  -47.427602645  -80.822312168  27.204728866  -108.29372562  -78.22336473  -53.086723636  -56.769152695  48.037954233  -32.641880217  -102.04073254  -101.58193561  61.758878299  -36.066447214  
168.4592  -60.28118463  76.849484424  12.762139706  -93.233050863  -98.353571136  23.487196983  -45.154229305  -60.392691209  -69.182189966  -34.539500871  -101.42989507  -118.84135922  -43.922359968  -85.594527971  22.417975271  -101.43423584  -80.059318131  -57.482952094  -62.894557516  43.154320112  -27.805197641  -98.971015886  -100.41132372  59.630325977  -30.72046984  
168.1759  -51.757103192  69.96212592  0.74516402954  -84.097718081  -98.404969489  29.987049148  -39.340718762  -63.801245499  -60.928707681  -40.558518775  -110.43703061  -114.85075114  -40.334224027  -90.119893402  17.335892432  -94.007851155  -81.56161623  -61.74921682  -68.705121949  37.825059656  -22.744481217  -95.465236887  -98.929734742  57.105302708  -25.213125813  
167.8936  -42.986423748  62.198508112  -11.545451634  -74.429618994  -97.937065008  36.382074523  -33.119963821  -67.131752096  -52.099673859  -46.579695834  -118.67972509  -110.35388686  -36.698246223  -94.363236727  11.983271201  -86.049539447  -82.715633759  -65.866363299  -74.158708395  32.068045137  -17.512713053  -91.564261499  -97.146730256  54.181950395  -19.60043632  
167.6122  -34.061017854  53.590076893  -24.03813674  -64.311152073  -96.950881012  42.617051477  -26.553066323  -70.353887452  -42.768598431  -52.540587456  -126.04572278  -105.39102117  -33.049974952  -98.291465074  6.3880101127  -77.599332938  -83.509652226  -69.816843964  -79.217130882  25.90703756  -12.165791779  -87.312201208  -95.073262176  50.864115701  -13.941055836  
167.3317  -25.074557394  44.179720416  -36.657117633  -53.830591148  -95.452661537  48.637821438  -19.706768142  -73.437489187  -33.01833346  -58.378076507  -132.43313948  -100.00723181  -29.424868385  -101.87396331  0.58098582069  -68.702075643  -83.935010718  -73.584781855  -83.846793932  19.371740028  -6.7616840116  -82.75562564  -92.72151123  47.161495233  -8.2952914987  
167.0522  -16.121013406  34.021457817  -49.323151045  -43.080817251  -93.453676689  54.392035594  -12.652387833  -76.352993115  -22.939918295  -64.029506094  -137.75238678  -94.251732585  -25.857704176  -105.08296051  -5.4041194434  -59.407112706  -83.986219462  -77.155987815  -88.019248396  12.497746307  -1.3595356622  -77.942753995  -90.104723486  43.0896453  -2.7240565321  
166.7736  -7.2931502486  23.179926344  -61.954339739  -32.157955612  -90.969954237  59.829883621  -5.4646567151  -79.071858722  -12.631214158  -69.433812728  -141.92788463  -88.177120277  -22.381999503  -107.89385922  -11.531036936  -49.767922113  -83.661034436  -80.517934056  -91.711649694  5.3263767476  3.9812386257  -72.922644704  -87.2370485  38.669854279  2.7122187465  
166.4959  1.3189525861  11.729673492  -74.467018882  -21.159945304  -88.021945687  64.904790818  1.7795200855  -81.566975394  -2.195355341  -74.532631569  -144.89952013  -81.838571098  -19.02945473  -110.2855232  -17.761179805  -39.841689926  -82.960491799  -83.659688605  -94.907106437  -2.0956038522  9.2018692062  -67.744402333  -84.133382368  33.928879751  7.9546929204  
166.2192  9.6293193184  -0.24573468257  -86.776699672  -10.185070998  -84.634136209  69.574070481  9.0023500512  -83.813042309  8.2609498093  -79.271346151  -146.62381641  -75.293003101  -15.829433442  -112.24052019  -24.053962579  -29.688830902  -81.888901458  -86.571816596  -97.594910348  -9.7163889926  14.245129675  -62.456419794  -80.809218627  28.898556695  12.94720991  
165.9433  17.55740717  -12.654773618  -98.799054934  0.66951247831  -80.834608649  73.799519221  16.126458237  -85.786915652  18.629229878  -83.600056582  -147.07478244  -68.598221933  -12.808490717  -113.74531677  -30.367172157  -19.372457268  -80.453799575  -89.246255579  -99.770641616  -17.47965319  19.056201525  -57.105672475  -77.280509517  23.615286934  17.637358933  
165.6684  25.029318173  -25.399169267  -110.45092994  11.309231695  -76.654572412  77.54794398  23.076181386  -87.467917679  28.801131033  -87.474442591  -146.24442263  -61.812067439  -9.9899602425  -114.79042318  -36.657389101  -8.9577994326  -78.665860394  -91.676172879  -101.43614722  -25.3251906  23.583488105  -51.737078932  -73.563539595  18.119423529  21.97747151  
165.3944  31.978868604  -38.375233217  -121.6513606  21.643491637  -72.127868204  80.79161087  29.778822134  -88.838103121  38.670322265  -90.856500938  -144.14289365  -54.99157841  -7.3936093782  -115.37048664  -42.880456234  1.4884164757  -76.538768311  -93.855813573  -102.59939323  -33.189661945  27.779362222  -46.392940482  -69.674813149  12.45456692  25.925530312  
165.1213  38.348494836  -51.475298167  -132.32258052  31.586988793  -67.290459549  83.50860752  36.16583539  -89.882479452  48.134378698  -93.715140361  -140.79830491  -48.192192146  -5.0353694092  -115.48433242  -48.991989629  11.898628173  -74.08905166  -95.780347747  -103.27419555  -41.007438574  31.600833522  -41.112469343  -65.630956299  6.6667920617  29.445966661  
164.8491  44.089978626  -64.589225743  -142.39099824  41.060912948  -62.179921619  85.68311238  42.173920899  -90.589178581  57.096596465  -96.026621508  -136.25616807  -41.466994405  -2.9271462667  -115.13495265  -54.947925102  22.205126598  -71.335880291  -97.445725476  -103.47983669  -48.711529133  35.010123914  -35.931412114  -61.448634045  0.80382763657  32.510326272  
164.5778  49.164979499  -77.605957138  -151.78812624  49.994013167  -56.834937268  87.305566312  47.745998635  -90.949578604  65.467694114  -97.774833756  -130.57850999  -34.866033849  -1.0767148263  -114.32944344  -60.705091389  32.340766608  -68.30082953  -98.848547302  -103.24057947  -56.234571155  37.975141705  -30.881772374  -57.144482017  -5.0857904837  35.097786213  
164.3074  53.545366795  -90.415076237  -160.45144403  58.323506818  -51.294809301  88.372743764  52.832046928  -90.958375277  73.167358375  -98.951405569  -123.84267161  -28.43571331  0.51230230981  -113.07889177  -66.221799462  42.239689406  -65.007613695  -99.98595703  -102.58509078  -63.509867225  40.469847636  -25.991633171  -52.735052118  -10.953568993  37.195509979  
164.0379  57.213348975  -102.90835489  -168.32517896  65.995814547  -45.598996962  88.887722877  57.389786964  -90.613603847  80.125596368  -99.555649727  -116.13982333  -22.218268078  1.8403728505  -111.39821406  -71.458435875  51.838046051  -61.481792853  -100.85556239  -101.54579096  -70.472443164  42.474508685  -21.285077235  -48.236770823  -16.751887977  38.798831907  
163.7692  60.161402806  -114.98125071  -175.36098999  72.967108514  -39.78668342  88.859755859  61.385201487  -89.916612789  86.283861743  -99.594349317  -107.5732337  -16.251339117  2.9119131135  -109.30594909  -76.37804685  61.074710662  -57.750456976  -101.45538758  -100.15814621  -77.060104173  43.975838156  -16.782199997  -43.665908494  -22.434791754  39.911266717  
163.5014  62.392009843  -126.53432917  -181.51854157  79.203665913  -33.896379747  88.304042943  64.792879892  -88.871991818  91.595928665  -99.081394633  -98.256334073  -10.567646652  3.7350720126  -106.82400854  -80.946899068  69.891971282  -53.841892106  -101.78386013  -98.459922127  -83.214464033  44.967023199  -12.499208036  -39.038557795  -27.95872042  40.544344677  
163.2346  63.917212161  -137.47458393  -186.76595756  84.682024693  -27.965569528  87.241415109  67.596186447  -87.487457247  96.028494795  -98.037284955  -88.310626174  -5.194767012  4.3214479574  -103.97738896  -85.135002764  78.23618613  -49.785233493  -101.83983251  -96.490417579  -88.881922438  45.447643342  -8.4485934102  -34.370619102  -33.283165115  40.717277511  
162.9685  64.758003351  -147.71663208  -191.08014715  89.388943256  -22.030396924  85.697932483  69.787252844  -85.77369837  99.56150215  -96.488512437  -77.863482094  -0.155013083  4.6857474185  -100.79384954  -88.916582993  86.058392964  -45.610110985  -101.62263762  -94.289697698  -94.014566269  45.423485934  -4.6393726549  -29.677790704  -38.371232793  40.456464598  
162.7034  64.943574299  -157.18376399  -194.44699808  93.32117066  -16.125399655  83.704406888  71.366800628  -83.744189009  102.18817278  -94.466847961  -67.045888025  4.5345837363  4.8453951505  -97.303560441  -92.270485609  93.314859691  -41.346292123  -101.13217495  -91.897844535  -98.570972151  44.906266369  -1.0773779179  -24.975561598  -43.190109457  39.794853161  
162.4391  64.510436154  -165.80883129  -196.86143498  96.485038304  -10.283287182  81.295858372  72.343803076  -81.414968754  103.91476412  -92.008550728  -55.990182745  8.8621945271  4.8201069625  -93.538727074  -95.18050583  99.967565069  -37.023328541  -100.36902335  -89.354242651  -102.51688993  43.913262704  2.2344130446  -20.279204821  -47.711414188  38.771169727  
162.1756  63.501445023  -173.53496033  -198.32734373  98.89588813  -4.5347631985  78.510916677  72.734999776  -78.804398623  104.76005676  -89.153524519  -44.827840564  12.821023337  4.631436486  -89.533195673  -97.635628946  105.98459949  -32.67021124  -99.334574465  -86.696915494  -105.8257897  42.466875642  5.2955216019  -15.603769392  -51.9114398  37.429043259  
161.9131  61.964754371  -180.31608254  -198.85736544  100.57735591  1.0916094131  75.391179462  72.564280274  -75.932896015  104.75459424  -85.944443983  -33.687345649  16.40905557  4.3023075807  -85.322046148  -99.630174991  111.34047726  -28.315040205  -98.031180149  -83.961926386  -108.47925846  40.594125868  8.1076011049  -10.964069264  -55.771279441  35.816042755  
161.6513  59.952721705  -186.11727734  -198.47256639  101.56053115  6.5695038787  71.980539731  71.861955778  -72.822653858  103.93970119  -82.425873971  -22.692200733  19.628734233  3.8565438678  -80.941178084  -101.16384174  116.01635345  -23.984713643  -96.4623063  -81.182855736  -110.46723662  38.326101402  10.674070619  -6.374667948  -59.276841802  33.98265381  
161.3904  57.520796026  -190.91492729  -197.20199255  101.88301726  11.874888437  68.324495233  70.663939862  -69.497348745  102.36631128  -78.643403923  -11.959108271  22.486575178  3.3184063915  -76.426895945  -102.24164319  120.00014072  -19.704641735  -94.632685252  -78.390363506  -111.78808886  35.697367889  12.999761239  -1.8498578433  -62.418760714  31.98121959  
161.1304  54.726411682  -194.69668927  -195.08211959  101.58791745  16.986052721  64.469452683  69.010860433  -65.981842731  100.0936407  -74.642817682  -1.5963563224  24.99273336  2.7121496207  -71.815499431  -102.87374381  123.28652316  -15.498489408  -92.548458697  -75.611843335  -112.44850827  32.745354716  15.090585286  2.5963663383  -65.192207678  29.864871883  
160.8712  51.627912716  -197.46128907  -192.15621105  100.7227722  21.883605788  60.462039424  66.947125878  -62.301883187  97.187746086  -70.46931692  8.297564935  27.160532544  2.0616049446  -67.14288482  -103.07519173  125.87686718  -11.387952072  -90.217303501  -72.871171938  -112.46325736  29.509729492  16.953237003  6.9503402969  -67.596618244  27.686477322  
160.6128  48.283529739  -199.21815017  -188.47359857  99.338474547  26.55045014  56.348434713  64.519968329  -58.483804865  93.72000708  -66.166813755  17.635096956  29.005971065  1.3897995473  -62.444162837  -102.8655572  127.77903137  -7.3925676631  -87.648533363  -70.188554684  -111.8547538  26.031772721  18.594931486  11.198768934  -69.635345036  25.497622687  
160.3552  44.750428712  -199.98687066  -184.08889945  97.488188591  30.97173603  52.173732093  61.778486342  -54.554237945  89.765574518  -61.777305204  26.340484692  30.547215955  0.71861709947  -57.753298262  -102.26848526  129.00707986  -3.529567615  -84.853170185  -67.580465654  -110.65251291  22.353763677  20.023186544  15.328770809  -71.315251599  23.347661333  
160.0985  41.083848044  -199.79656433  -179.06118713  95.226295248  35.134800236  47.981343373  58.772708147  -50.539825503  85.401823876  -57.340338973  34.350381344  31.804097225  0.068505160917  -53.102775992  -101.31117431  129.58090586  0.18623132732  -81.843980188  -65.059677993  -108.89246257  18.518387331  21.245650162  19.327927622  -72.646262134  21.282840384  
