260.0  -6.994916717E-6  -0.0030670412514  -4.2856116535E-5  -9.2632369821E-6  3.1591831815E-5  -2.499467778E-5  0.0016039469565  -4.6775348013E-6  5.1451151456E-6  -4.5024780139E-6  1.5379465414E-4  -1.0945513992E-9  4.9055782335E-5  2.4993075143E-6  -2.8151143065E-5  -3.2128123559E-6  -1.4034136491E-4  7.4224288666E-5  6.4007789986E-5  1.2496916198E-5  -8.3640434028E-5  -9.4126299983E-6  1.2544750511E-5  -1.4487702924E-5  
259.3258  -8.778731987E-6  -0.0038061812679  -5.674350219E-5  -1.255878217E-5  4.0591071919E-5  -3.2981996579E-5  0.0019595292349  -6.2580331518E-6  6.8476438747E-6  -5.7967711502E-6  1.9542383094E-4  -5.7744682453E-8  6.4313048637E-5  3.2893288879E-6  -3.660561623E-5  -4.5302165119E-6  -1.804630682E-4  9.6397844793E-5  8.3701592779E-5  1.6335301863E-5  -1.0774125742E-4  -1.2678916333E-5  1.6455705414E-5  -1.9338002271E-5  
258.655  -1.0944515604E-5  -0.0047074072812  -7.4865822259E-5  -1.6967945812E-5  5.1971574885E-5  -4.3372582803E-5  0.0023859030347  -8.3443594112E-6  9.0809984847E-6  -7.429546195E-6  2.4737525853E-4  -1.5409237538E-7  8.4021591319E-5  4.3126701489E-6  -4.743341009E-5  -6.3475833785E-6  -2.3125447464E-4  1.2476622094E-4  1.0907256295E-4  2.1271143807E-5  -1.3834184493E-4  -1.7019811484E-5  2.1507044133E-5  -2.5723291399E-5  
257.9877  -1.3548624169E-5  -0.0058022658914  -9.8427050622E-5  -2.2845886704E-5  6.6310123508E-5  -5.6840974491E-5  0.0028953163469  -1.1088756859E-5  1.1999714695E-5  -9.4786129326E-6  3.1193761112E-4  -3.099982522E-7  1.0938679154E-4  5.632887435E-6  -6.1250183111E-5  -8.8404993981E-6  -2.9531899556E-4  1.6092980717E-4  1.4163728577E-4  2.7592105633E-5  -1.7706515554E-4  -2.2768217874E-5  2.8005981865E-5  -3.4099203757E-5  
257.3238  -1.6645976066E-5  -0.0071275152579  -1.2894603895E-4  -3.0653763449E-5  8.4308482237E-5  -7.4235993213E-5  0.0035017447898  -1.4686144983E-5  1.5799799201E-5  -1.203634124E-5  3.9183342946E-4  -5.5366225219E-7  1.419123734E-4  7.3291917133E-6  -7.8816736417E-5  -1.2241362616E-5  -3.7583075855E-4  2.0686508403E-4  1.8328177919E-4  3.5653276517E-5  -2.259035085E-4  -3.0353252945E-5  3.6334786395E-5  -4.5046869523E-5  
256.6634  -2.0284894618E-5  -0.008725785669  -1.683307393E-4  -4.0987992046E-5  1.0681665194E-4  -9.6621359159E-5  0.0042210587598  -1.9385106625E-5  2.0728789043E-5  -1.5211346489E-5  4.9028224815E-4  -9.246959186E-7  1.8346626565E-4  9.4998182665E-6  -1.0106929498E-4  -1.6856161216E-5  -4.7664301876E-4  2.6500294451E-4  2.3634145422E-4  4.5890649917E-5  -2.8729332732E-4  -4.0325854676E-5  4.6966887179E-5  -5.9304489379E-5  
256.0063  -2.4499506187E-5  -0.010646283146  -2.1896764873E-4  -5.4616840325E-5  1.3485951429E-4  -1.2532454628E-4  0.0050711926051  -2.5501417037E-5  2.7097943537E-5  -1.9130012374E-5  6.110680007E-4  -1.478199502E-6  2.3635886463E-4  1.2265986001E-5  -1.2915511299E-4  -2.308570238E-5  -6.0241311172E-4  3.383207969E-4  3.0369572748E-4  5.8836642714E-5  -3.6420274454E-4  -5.3390536853E-5  6.0485831951E-5  -7.7805983666E-5  
255.3526  -2.9298894864E-5  -0.01294553045  -2.8382899802E-4  -7.2525982168E-5  1.6966713953E-4  -1.6199522762E-4  0.006072312896  -3.3434623264E-5  3.5296937277E-5  -2.3937679166E-5  7.5860959062E-4  -2.2901341252E-6  3.03435492E-4  1.5776513581E-5  -1.6447410569E-4  -3.145232118E-5  -7.5874554149E-4  4.3045027989E-4  3.8887930672E-4  7.5137779048E-5  -4.602337649E-4  -7.0444581727E-5  7.7607433355E-5  -1.0172806476E-4  
254.7022  -3.4652014872E-5  -0.015688137706  -3.6660047348E-4  -9.597493325E-5  2.1270899945E-4  -2.086748012E-4  0.0072469823485  -4.3688262917E-5  4.5811464664E-5  -2.9799264275E-5  9.3803300466E-4  -3.4643516891E-6  3.8818496811E-4  2.021315712E-5  -2.0872725058E-4  -4.2633294931E-5  -9.5235473688E-4  5.4580253331E-4  4.9621228786E-4  9.5574610659E-5  -5.7974079725E-4  -9.2626176273E-5  9.9205446116E-5  -1.325472757E-4  
254.0551  -4.0467124117E-5  -0.018947592437  -4.7183251705E-4  -1.2656662796E-4  2.6573227819E-4  -2.6787862034E-4  0.0086203154314  -5.6894399572E-5  5.9244207315E-5  -3.6899006593E-5  0.0011552427283  -5.1417324465E-6  4.9486632317E-4  2.5796728317E-5  -2.6397253105E-4  -5.7502410026E-5  -0.0011912488851  6.8971305582E-4  6.309512829E-4  1.2108386906E-4  -7.279674599E-4  -1.2137324082E-4  1.2634109854E-4  -1.7210874605E-4  
253.4113  -4.6564223709E-5  -0.022807056221  -6.0511848379E-4  -1.6633277514E-4  3.308044037E-4  -3.4269267261E-4  0.01022012117  -7.3843246868E-5  7.6339653783E-5  -4.5438934428E-5  0.0014169894959  -7.5119843487E-6  6.2865573246E-4  3.2794041731E-5  -3.326892131E-4  -7.7181375993E-5  -0.0014849360523  8.6860823727E-4  7.9946383009E-4  1.5278273896E-4  -9.1120363414E-4  -1.5849496462E-4  1.6029676625E-4  -2.2270863311E-4  
252.7708  -5.2638665592E-5  -0.027360152386  -7.7330312998E-4  -2.1783804793E-4  4.103598294E-4  -4.3688654909E-4  0.012077028171  -9.5518753736E-5  9.8013293581E-5  -5.5635547014E-5  0.0017309305655  -1.0828781579E-5  7.9581577604E-4  4.152572416E-5  -4.178512452E-4  -1.0310305482E-4  -0.0018446535139  0.0010901956686  0.0010094283031  1.9199500107E-4  -0.0011369647768  -2.0625834969E-4  2.0261401619E-4  -2.8719243867E-4  
252.1334  -5.8213721123E-5  -0.032711726282  -9.8472504231E-4  -2.8430661851E-4  5.0725097588E-4  -5.5504460992E-4  0.014224586457  -1.2314112712E-4  1.2538573173E-4  -6.7714069689E-5  0.0021056777464  -1.5429064259E-5  0.001003889071  5.2374897007E-5  -5.2301055069E-4  -1.3708877053E-4  -0.0022836208258  0.0013636802963  0.0012700614188  2.4027860982E-4  -0.0014141954971  -2.6749236905E-4  2.5513615939E-4  -3.6907161093E-4  
251.4993  -6.2579486382E-5  -0.038978556749  -0.0012494966759  -3.6977503743E-4  6.2480309291E-4  -7.0271727103E-4  0.016699340289  -1.5821737352E-4  1.5982228221E-4  -8.1899491427E-5  0.0025508273358  -2.1757489213E-5  0.0012619181907  6.5796712839E-5  -6.5239093495E-4  -1.8144228113E-4  -0.0028173166706  0.001700008392  0.0015923752224  2.9945404051E-4  -0.0017534993456  -3.457126625E-4  3.2005532606E-4  -4.7266105084E-4  
250.8684  -6.4715035407E-5  -0.046289994532  -0.0015798256207  -4.7927597306E-4  7.668726209E-4  -8.8659429478E-4  0.019540865883  -2.0260104324E-4  2.0297859465E-4  -9.8403419442E-5  0.0030769649426  -3.0397214609E-5  0.0015806935491  8.2328689246E-5  -8.1099325327E-4  -2.390633269E-4  -0.0034637788808  0.0021121411396  0.0019894650852  3.716324556E-4  -0.002167396642  -4.452700154E-4  3.9996391002E-4  -6.032403306E-4  
250.2406  -6.3190223095E-5  -0.0547885007  -0.0019903805367  -6.1905785916E-4  9.3790841591E-4  -0.0011147018481  0.022791767703  -2.5856245689E-4  2.5685284332E-4  -1.1740558847E-4  0.0036956369141  -4.2108420629E-5  0.0019730305747  1.0260173568E-4  -0.0010047123746  -3.1358400779E-4  -0.0042439262897  0.0026153593915  0.0024768297616  4.5924239421E-4  -0.0026706119744  -5.7152618374E-4  4.9791001436E-4  -7.6724158675E-4  
249.616  -5.604299007E-5  -0.064630055654  -0.0024987048507  -7.9684603489E-4  0.0011430149527  -0.0013966248773  0.026497626906  -3.2887077699E-4  3.2384495616E-4  -1.3902864278E-4  0.0044192787553  -5.787621468E-5  0.0024540770008  1.2735171157E-4  -0.0012404663275  -4.0953157791E-4  -0.0051819001587  0.0032276008095  0.0030727238942  5.6505327828E-4  -0.0032803927263  -7.3106092943E-4  6.1745626131E-4  -9.7246715676E-4  
248.9944  -4.0627441176E-5  -0.075984407327  -0.0031256807717  -0.001022151482  0.0013880163362  -0.0017437560193  0.030706895582  -4.1688935193E-4  4.0682327745E-4  -1.6330456821E-4  0.0052610895824  -7.8969842775E-5  0.0030416504463  1.5743128657E-4  -0.0015263378225  -5.3252156335E-4  -0.0063054218966  0.0039698301651  0.0037985425163  6.9219354913E-4  -0.0040168596088  -9.3191439809E-4  7.6274099942E-4  -0.0012283400676  
248.376  -1.3427369384E-5  -0.089035125673  -0.0038960454072  -0.0013066337487  0.001679519634  -0.0021695718001  0.03547073057  -5.2668579693E-4  5.0919893583E-4  -1.9013089293E-4  0.0062348403183  -1.0701542728E-4  0.003756605628  1.9382179641E-4  -0.0018717281126  -6.8948539376E-4  -0.0076461626129  0.0048664430351  0.0046792360478  8.441606976E-4  -0.0049033897012  -0.0011838691881  9.3854054617E-4  -0.0015461904392  
247.7606  3.0170705045E-5  -0.10397942974  -0.0048389597342  -0.0016645250672  0.0020249756967  -0.0026899362513  0.040842760982  -6.6315827778E-4  6.3500802211E-4  -2.1921450349E-4  0.0073546020845  -1.4408477213E-4  0.0046232295201  2.3764470156E-4  -0.0022875228655  -8.8893696797E-4  -0.0092401187432  0.0059457024842  0.0057437530129  0.0010248198308  -0.0059670319017  -0.0014987766037  0.0011503306402  -0.0019395807113  
247.1483  9.6151492508E-5  -0.12102775365  -0.0059886298524  -0.0021131229933  0.0024327352588  -0.0033234312658  0.046878784002  -8.3217941814E-4  7.8900146373E-4  -2.5000064394E-4  0.0086343801353  -1.928031153E-4  0.005669661546  2.9017216226E-4  -0.002786269394  -0.0011412827253  -0.011127986573  0.0072402075722  0.0070255062019  0.0012383867335  -0.0072389539783  -0.0018909316282  0.0014043447415  -0.0024246723169  
246.539  1.9219893636E-4  -0.14040301892  -0.0073849783025  -0.0026733590783  0.002912097726  -0.0040917120155  0.053636384182  -0.0010407591478  9.7674220813E-4  -2.8158438901E-4  0.010087637795  -2.564790576E-4  0.0069283344458  3.5283614604E-4  -0.0033823642102  -0.0014591798383  -0.013355526975  0.0087873916745  0.0085628562636  0.001489390641  -0.0087549195573  -0.0023775010718  0.0017076262114  -0.0030206359864  
245.9327  3.2808576066E-4  -0.16233958245  -0.0090743612477  -0.0033704510833  0.003473349655  -0.0050198845305  0.061174472176  -0.0012972276348  0.0012047089911  -3.1260161957E-4  0.011726694297  -3.3926024757E-4  0.0084364298097  4.2723538499E-4  -0.0040922494425  -0.001857947051  -0.015973910121  0.010630047663  0.010399604741  0.0017826111571  -0.010555792414  -0.0029790091025  0.0020680707297  -0.0037501072386  
245.3293  5.1613239761E-4  -0.18708183302  -0.011110324981  -0.004234646017  0.0041277895399  -0.0061369010874  0.069552739764  -0.0016114391875  0.0014804055653  -3.4109629268E-4  0.013561980268  -4.4631874116E-4  0.010236340412  5.1513940707E-4  -0.0049346161846  -0.0023560324191  -0.019040028327  0.012816875976  0.012585486374  0.0021229829468  -0.012688064322  -0.0037198839356  0.0024944545707  -0.0046396877948  
244.7289  7.7174329524E-4  -0.21488241365  -0.013554392529  -0.0053020607582  0.0048877351421  -0.0074759673649  0.078831028986  -0.0019949976545  0.0018124737943  -3.6436060811E-4  0.015601134998  -5.8407026755E-4  0.012376129444  6.1848878391E-4  -0.0059306123395  -0.002975541737  -0.022616763652  0.015403050527  0.015176648124  0.0025154610347  -0.01520440148  -0.004629068786  0.0029964435721  -0.0057204925885  
244.1315  0.0011140285538  -0.24600005306  -0.016476868099  -0.0066156261659  0.0057665092652  -0.009074953391  0.089068614315  -0.0024615033857  0.0022108084843  -3.7874454631E-4  0.017847930648  -7.6043189835E-4  0.014909974554  7.39390676E-4  -0.0071040519803  -0.0037428307131  -0.026773195383  0.018450796309  0.018236099828  0.0029648387831  -0.018164203185  -0.0057406992592  0.0035845768102  -0.0070287407454  
243.5369  0.0015665185113  -0.28069699664  -0.019957643779  -0.008226139313  0.0067783995857  -0.010976798137  0.10032339791  -0.0030268212225  0.0026866712246  -3.7943121289E-4  0.020301010339  -9.8512281462E-4  0.017898582311  8.8010872479E-4  -0.0084816226857  -0.0046891629504  -0.031584731233  0.022029971424  0.021834118788  0.0034755099497  -0.021634164986  -0.007094848119  0.0042702181552  -0.0086063873419  
242.9452  0.0021579782348  -0.3192360362  -0.024086989315  -0.010193426756  0.0079385879483  -0.013229895238  0.1126510192  -0.0037093682614  0.0032527998537  -3.6017449656E-4  0.022952429713  -0.0012700129681  0.021409556372  0.0010430463518  -0.010093086731  -0.0058514344626  -0.037133144948  0.026218645208  0.026048587938  0.0040511656881  -0.025688836984  -0.0087383368047  0.0050654680555  -0.010501790917  
242.3565  0.0029233278096  -0.36187714691  -0.028966302008  -0.012587619509  0.0092630444209  -0.01588844473  0.12610388118  -0.0045304192548  0.0039235094664  -3.1299575692E-4  0.025785995192  -0.0016295244095  0.025517700322  0.0012307225898  -0.011971471435  -0.0072729637745  -0.043506502247  0.031103663116  0.030965244671  0.0046944170116  -0.030411166377  -0.010725611134  0.0059830271104  -0.012770409616  
241.7705  0.0039046727909  -0.40887375126  -0.03470878994  -0.015490537566  0.010768381419  -0.019012753028  0.14073009711  -0.0055144264937  0.0047147801453  -2.2783663511E-4  0.028775396842  -0.0020810898741  0.030305233985  0.0014457397068  -0.014153243394  -0.0090043446008  -0.050798956551  0.036781188129  0.036677814977  0.0054063331617  -0.035893011742  -0.013119676316  0.0070360022825  -0.015475516477  
241.1874  0.0051524471314  -0.46046864086  -0.041440057885  -0.018997178409  0.012471663371  -0.022669460507  0.15657236217  -0.0066893498315  0.0056443258597  -9.2165651098E-5  0.031882139541  -0.0026456728395  0.035861900022  0.0016907420993  -0.016678460768  -0.01110435564  -0.05911039601  0.043357207695  0.043288005466  0.0061858865776  -0.042235614899  -0.015993083687  0.0082376460078  -0.01868892182  
240.6071  0.0067266682658  -0.51688959939  -0.049298561682  -0.023217299856  0.01439016773  -0.026931673335  0.17366675607  -0.0080869911796  0.0067316382465  1.0946295524E-4  0.035053283125  -0.003348352662  0.042284936075  0.0019683662533  -0.019590897305  -0.013640919168  -0.068545923865  0.050947994692  0.050905324127  0.007029295839  -0.049550014706  -0.019428958457  0.0096010180309  -0.022491687873  
240.0295  0.0086983007771  -0.5783447823  -0.05843589353  -0.028277082899  0.016541093646  -0.031878973438  0.19204148322  -0.0097433263319  0.0079979983116  3.9589864103E-4  0.03821901028  -0.0042189775206  0.049678886563  0.0022811819988  -0.022938131263  -0.016692096872  -0.079215155348  0.059680510516  0.059646699618  0.0079292591177  -0.057957385642  -0.023522054293  0.011138559571  -0.026974817935  
239.4548  0.011150721153  -0.64501792091  -0.069016857996  -0.034320854848  0.018941215363  -0.037597278012  0.21171555832  -0.01169882538  0.009466448491  7.8993142648E-4  0.041290050148  -0.0052928867151  0.058155227765  0.0026316258444  -0.02677159203  -0.020347107765  -0.091231316119  0.069692738351  0.069635868477  0.0088740724184  -0.067589282778  -0.028379816698  0.01286156946  -0.032239899354  
238.8828  0.01418127156  -0.71706343054  -0.081219296567  -0.041512847122  0.021606478351  -0.044178517826  0.23269744601  -0.013998751284  0.01116171704  0.001318873805  0.044154995772  -0.0066117023405  0.067831780102  0.003021927873  -0.031146556856  -0.024707349105  -0.10471012977  0.081133934825  0.081002500201  0.0098466292846  -0.078587773653  -0.034123433015  0.014779572243  -0.038399676727  
238.3135  0.017902885306  -0.79460151277  -0.095233617631  -0.05003895559  0.02455153737  -0.051720101857  0.25498366391  -0.016693424422  0.01311008641  0.0020151834018  0.046677564547  -0.0082241884677  0.078831882746  0.003454034518  -0.036122089866  -0.029887397082  -0.11976848518  0.094164788717  0.093881031693  0.010823301752  -0.091105436751  -0.04088884254  0.016899568914  -0.045578528926  
237.7469  0.022445760811  -0.87771335114  -0.11126198907  -0.06010846446  0.027789237073  -0.060324134759  0.2785573596  -0.019838439136  0.01533919719  0.0029171199014  0.048693862356  -0.010187173678  0.091283307899  0.0039295305236  -0.041760915319  -0.036015959785  -0.13652287839  0.10895747607  0.10840918538  0.011772706208  -0.10530520584  -0.04882767576  0.019225162055  -0.053912821096  
237.183  0.027959054446  -0.9664365073  -0.12951715238  -0.071955687555  0.031330037427  -0.070096353414  0.3033868725  -0.023494816623  0.017877779347  0.0040694272983  0.050009724002  -0.012566530119  0.10531689556  0.0044495645146  -0.048129216968  -0.04323675062  -0.15508762857  0.12569560198  0.12472614938  0.012654362493  -0.12136003934  -0.058108087223  0.021755548671  -0.063551100689  
236.6218  0.034612555787  -1.0607606293  -0.15022082056  -0.085841473547  0.035181388053  -0.081144749509  0.32942429298  -0.027729076838  0.02075530301  0.0055240298062  0.050398214255  -0.015438199153  0.12106489424  0.0050147838478  -0.055296355396  -0.051709246247  -0.17557287272  0.14457402051  0.14297040355  0.013417260048  -0.13945239424  -0.068915442297  0.024484375926  -0.074654105123  
236.0632  0.042598301584  -1.1606235865  -0.17360162741  -0.10205451463  0.039347057627  -0.093577846972  0.35660403201  -0.032613210686  0.024001541861  0.0073407268223  0.04959738516  -0.018889250237  0.13865899917  0.0056252857681  -0.063334495239  -0.061609289265  -0.19808234996  0.16579852531  0.16327718253  0.013998351144  -0.159773485  -0.081452814061  0.027398457469  -0.087394547963  
235.5072  0.05213207756  -1.265908144  -0.19989260288  -0.12091239139  0.043826426677  -0.10750260623  0.38484141576  -0.038224532642  0.027646043428  0.0095878692515  0.047308395422  -0.023018955824  0.15822808677  0.0062805933066  -0.072318134402  -0.073129492602  -0.22271099254  0.18958540483  0.18577557486  0.014320998205  -0.18252230933  -0.095941243139  0.030476350827  -0.1019566507  
234.9539  0.063454749906  -1.3764392876  -0.22932815859  -0.14276228056  0.048613754357  -0.12302193186  0.41403132152  -0.04464539312  0.031717502278  0.012342996319  0.043194106475  -0.027939861031  0.17989565314  0.0069796657958  -0.082323527644  -0.086479400046  -0.24954234743  0.21616085737  0.21058526794  0.014293409718  -0.20790442464  -0.11261971061  0.033686799682  -0.1185353885  
234.4032  0.076833361662  -1.4919823004  -0.26214057885  -0.16798124746  0.053697432085  -0.1402317664  0.44404687277  -0.051962729667  0.036243034154  0.015693408826  0.036878276331  -0.033778822489  0.20377697389  0.0077209552765  -0.093427997258  -0.10188535584  -0.27864585933  0.24576026192  0.23781295938  0.013807107223  -0.23613046174  -0.13174477239  0.036987048485  -0.13733542089  
233.855  0.092561923081  -1.6122416827  -0.2985560261  -0.19697604141  0.059059239205  -0.15921776081  0.4747382136  -0.060267436325  0.041247351711  0.019736651758  0.02794547623  -0.040677986433  0.22997601386  0.0085025213588  -0.10570912405  -0.11959003602  -0.31007405292  0.2786273019  0.26754846822  0.012735474006  -0.26741436559  -0.15358980307  0.040321040849  -0.15856968216  
233.3094  0.11096182011  -1.7368609939  -0.33879008477  -0.23018231025  0.064673617971  -0.18005152166  0.50593138523  -0.069653531487  0.046751845467  0.024580876343  0.015941855653  -0.048795671734  0.25858212722  0.0093222181987  -0.11924381239  -0.13985159533  -0.34385965857  0.31501293897  0.29986059287  0.010932444247  -0.30197135673  -0.17844379804  0.043617517372  -0.18245761193  
232.7663  0.13238176155  -1.8654236748  -0.38304288441  -0.26806315095  0.07050698707  -0.20278644628  0.53742732988  -0.080217106358  0.052773577015  0.030345049216  3.7687794659E-4  -0.058307119424  0.28966660056  0.010177968059  -0.13410722394  -0.1629423866  -0.38001273209  0.35517423407  0.3347927771  0.0082313990745  -0.3400156118  -0.20660968547  0.046788032885  -0.20922301285  
232.2258  0.15719718378  -1.997454891  -0.43149386137  -0.3111069157  0.076517114585  -0.22745316978  0.56900105071  -0.092055038773  0.059324195272  0.037158974467  -0.019273858791  -0.069405066528  0.32327910453  0.011068136345  -0.15037157524  -0.18914721428  -0.41851782464  0.39937301204  0.37235865978  0.004444342984  -0.3817576664  -0.23840210423  0.049724917459  -0.23909153155  
231.6878  0.18580903229  -2.1324244153  -0.4842962368  -0.35982419871  0.082652572487  -0.25405466223  0.6004009595  -0.10526346076  0.0664087906  0.045163093111  -0.043564613395  -0.082300098814  0.35944413187  0.011992022923  -0.16810479594  -0.21876109079  -0.45933126319  0.44787436492  0.41253759848  -6.3856014176E-4  -0.42740154948  -0.27414461035  0.052299209771  -0.2722877684  
231.1522  0.21864184244  -2.2697505401  -0.54157130808  -0.41474393751  0.08885229557  -0.28256102963  0.63134844713  -0.11993597281  0.074024705827  0.054508024132  -0.073074221141  -0.097220734742  0.39815751111  0.012950483852  -0.1873690452  -0.25208647338  -0.50237860554  0.50094498667  0.45527027099  -0.0072490079329  -0.47714166448  -0.3141662834  0.054358595346  -0.30903203352  
230.6191  0.25614104775  -2.40880499  -0.60340266945  -0.47640857481  0.095045267882  -0.31290408881  0.66153771524  -0.13616160354  0.08216032747  0.0653538119  -0.10839947906  -0.11441319156  0.43938309622  0.013946696238  -0.20821908565  -0.28942997082  -0.54755233586  0.55885132948  0.50045447131  -0.015640051745  -0.53115943911  -0.35879771506  0.055725385865  -0.34953677901  
230.0885  0.29876945322  -2.5489187737  -0.66983049485  -0.54536824204  0.10115035928  -0.34497180333  0.69063591027  -0.15402252004  0.090793884633  0.077868846435  -0.15014716288  -0.13414078446  0.48304974031  0.014987076735  -0.23070051644  -0.33109852247  -0.59470986713  0.62185756855  0.54794122712  -0.026084974945  -0.58961977242  -0.40836637536  0.056194578695  -0.39400275093  
229.5603  0.3470028238  -2.6893888935  -0.74084603183  -0.62217394466  0.10707633355  -0.37860268465  0.71828360352  -0.17359150193  0.099892286975  0.092228426031  -0.19892467439  -0.15668291114  0.5290486684  0.016082361071  -0.25484786872  -0.37739506795  -0.6436719159  0.69022335812  0.59753137479  -0.03887547538  -0.6526673149  -0.46319136728  0.055532038312  -0.44261491884  
229.0345  0.40132455422  -2.8294858026  -0.81638646752  -0.70736975132  0.11272204757  -0.41358027943  0.74409566253  -0.19492920072  0.10941003663  0.10861293605  -0.2553293551  -0.18233357739  0.57723136696  0.017248847949  -0.2806825701  -0.42861374296  -0.69422131169  0.76420135781  0.64897273265  -0.054319076853  -0.72042262445  -0.52357759753  0.05347284291  -0.4955382552  
228.5112  0.46221940621  -2.9684614826  -0.89633033702  -0.80148401382  0.11797685832  -0.44962787975  0.76766255983  -0.21808121523  0.11928825179  0.12720562343  -0.3199365438  -0.21139942423  0.62740810792  0.018509805596  -0.30821078789  -0.48503465547  -0.746102299  0.84403450421  0.70195801558  -0.072735704832  -0.79297824784  -0.58980941023  0.049719840426  -0.55291345072  
227.9902  0.53016632213  -3.1055579903  -0.98049364901  -0.90501967254  0.12272125102  -0.48640360693  0.78855216422  -0.243075024  0.12945384185  0.14818995361  -0.39328649929  -0.24419722447  0.67934722068  0.019897033228  -0.33742116452  -0.54691831628  -0.79902038329  0.92995299885  0.75612363166  -0.094453375998  -0.87039478407  -0.66214375004  0.043942458277  -0.61485266503  
227.4716  0.60563035048  -3.2400163109  -1.0686269027  -1.0184437314  0.12682769736  -0.5234960317  0.80631205782  -0.2699168255  0.1398188748  0.17174654512  -0.47587035609  -0.28105082554  0.73277521677  0.021452562734  -0.36828246337  -0.61449981773  -0.85264276472  1.0221709812  0.81104949468  -0.11980296963  -0.95269699211  -0.74080294224  0.035775810342  -0.68143542374  
226.9553  0.68905374787  -3.3710853419  -1.1604131641  -1.142176017  0.13016174778  -0.56042050221  0.82047241771  -0.29858834751  0.15028017783  0.19804968694  -0.56811532724  -0.32228752698  0.78737785918  0.023230478113  -0.40074114811  -0.6879828742  -0.90659939377  1.1208828534  0.86625997533  -0.14911207135  -1.0398700108  -0.82596719817  0.024820143304  -0.75270478225  
226.4414  0.78084635312  -3.4980308254  -1.255467357  -1.2765773688  0.13258335637  -0.59661635669  0.83054949534  -0.32904369685  0.16071921026  0.22726345494  -0.67036941407  -0.36823389444  0.84280225028  0.025298821751  -0.43471892435  -0.76753385661  -0.96048467238  1.2262592239  0.92122609703  -0.18269790592  -1.131855764  -0.91776697455  0.010640662287  -0.82866388335  
225.9298  0.88137536226  -3.620144047  -1.3533369049  -1.4219374354  0.13394843061  -0.63144519849  0.83604971846  -0.36120633001  0.17100224544  0.25953745542  -0.78288592577  -0.41921102719  0.89865999001  0.027741547708  -0.47011027878  -0.85327596957  -1.0138598128  1.3384424389  0.97536906117  -0.22085940591  -1.2285496258  -1.016275335  -0.0072322268254  -0.90927303887  
225.4205  0.99095466606  -3.7367501209  -1.4535038363  -1.5784622847  0.13411059178  -0.66419040765  0.83647442976  -0.39496623358  0.18098089361  0.2950022372  -0.90580815017  -0.47552931361  0.95453142963  0.030660473105  -0.50678005754  -0.94528373379  -1.0662558538  1.4575416772  1.0280651603  -0.26386849543  -1.3297974262  -1.1215004783  -0.029302223887  -0.99444746489  
224.9135  1.109833945  -3.8472156916  -1.5553884316  -1.7462620569  0.13292312552  -0.69405805379  0.83132526413  -0.43017741019  0.19049299186  0.33376442635  -1.0391545496  -0.53748272703  1.0099710155  0.034177169718  -0.54456113253  -1.0435779464  -1.1171773223  1.583627589  1.0786521075  -0.31196070326  -1.4353928742  -1.2333786136  -0.056105958275  -1.0840557943  
224.4088  1.2381877478  -3.9509558965  -1.6583544562  -1.9253389164  0.130241095  -0.72017936053  0.82011015116  -0.46665577053  0.19936387997  0.37590165169  -1.1828048803  -0.60534273408  1.0645136842  0.038434729437  -0.5832522117  -1.1481212973  -1.1661065138  1.7167264753  1.126436774  -0.36532525591  -1.5450754789  -1.3517673722  -0.088211301162  -1.177919481  
223.9063  1.3761048075  -4.0474404525  -1.7617159794  -2.1155755721  0.1259235832  -0.74161485115  0.80234991302  -0.50417753481  0.20740807203  0.42145734201  -1.3364876484  -0.67935190708  1.1176822339  0.043599329725  -0.62261585614  -1.2588148202  -1.2125083569  1.8568140159  1.1707042928  -0.42409483708  -1.6585290429  -1.4764399522  -0.12621513985  -1.2758131931  
223.4061  1.5235778755  -4.13619875  -1.8647457357  -2.3167246479  0.11983602454  -0.75736027882  0.77758540942  -0.54247824698  0.21443132322  0.47043548863  -1.4997693206  -0.75971735144  1.1689955605  0.049861519019  -0.66237677356  -1.3754953506  -1.2558358102  2.0038085758  1.2107284412  -0.48833523521  -1.7753808015  -1.6070801943  -0.17074058942  -1.3774662743  
222.9081  1.6804943699  -4.2168238679  -1.9666849347  -2.528399189  0.11185258128  -0.76635441245  0.74538516172  -0.58125250193  0.22023308045  0.52279547857  -1.672045697  -0.84660407775  1.217977609  0.057437137707  -0.70222046335  -1.4979341515  -1.2955357359  2.157564141  1.2457831773  -0.55803513324  -1.8952012715  -1.743278783  -0.22243361787  -1.4825653242  
222.4123  1.8466281516  -4.2889754474  -2.0667543774  -2.7500645843  0.10185851533  -0.76748871225  0.70535336783  -0.62015447975  0.22460929282  0.57844711329  -1.8525358353  -0.94012846447  1.2641668566  0.066567788243  -0.74179229345  -1.6258368476  -1.3310551793  2.3178629631  1.2751551645  -0.63309632244  -2.0175048687  -1.884530754  -0.28195906081  -1.5907579188  
221.9187  2.0216327425  -4.352381394  -2.1641666899  -2.981032175  0.089752503368  -0.75961888681  0.65713819961  -0.65879937124  0.22735554578  0.63724593629  -2.040278876  -1.0403519721  1.3071261078  0.07752076866  -0.78069709208  -1.7588447847  -1.3618479818  2.4844080184  1.298157074  -0.71332464551  -2.1417513405  -2.0302344772  -0.34999600068  -1.7016574599  
221.4274  2.2050363004  -4.4068384072  -2.2581394354  -3.2204547951  0.075448840904  -0.74157827752  0.60044025411  -0.69676576574  0.22827046963  0.69898899854  -2.2341340747  -1.1472752799  1.3464523573  0.090588387504  -0.81849933878  -1.8965378949  -1.3873816422  2.6568154217  1.3141414229  -0.79842198874  -2.2673480489  -2.1796922567  -0.42723248368  -1.8148490995  
220.9381  2.3962386509  -4.4522113668  -2.3479088277  -3.4673244634  0.058879480577  -0.71219296765  0.53502101228  -0.7335990555  0.22715936095  0.76341119377  -2.432784279  -1.2608330239  1.3817864495  0.10608658548  -0.85472403802  -2.0384391146  -1.407144345  2.8346069651  1.3225146691  -0.88797965053  -2.3936531268  -2.3321126639  -0.51435954457  -1.9298966493  
220.4511  2.5945106552  -4.4884316322  -2.4327437311  -3.7204724058  0.039995851141  -0.67029846259  0.46071114214  -0.76881589052  0.22383794343  0.83018229604  -2.6347430179  -1.3808893162  1.4128222494  0.1243528  -0.88885835493  -2.1840203521  -1.4206520641  3.0172029854  1.322751257  -0.98147341037  -2.5199795117  -2.4866146821  -0.61206450675  -2.046350342  
219.9662  2.7989961604  -4.5154943391  -2.5119596037  -3.9785715428  0.018770406142  -0.61475773749  0.37741847031  -0.80190969493  0.21813618405  0.89890482875  -2.8383652832  -1.5072342244  1.4393150315  0.14574302345  -0.9203540855  -2.3327099589  -1.4274556547  3.2039157941  1.3144072874  -1.0782606087  -2.6455998493  -2.6422337032  -0.72102352157  -2.1637552683  
219.4834  3.0087167388  -4.5334547959  -2.5849320229  -4.2401415255  -0.0048021442641  -0.5444803984  0.28513543632  -0.83235722973  0.20990207134  0.9691128882  -3.0418619866  -1.639581378  1.4610887938  0.17062802476  -0.94863102383  -2.483901603  -1.4271478439  3.393943933  1.2971334717  -1.1775795234  -2.769752236  -2.797929372  -0.8418933088  -2.2816602773  
219.0027  3.2225793701  -4.542424107  -2.6511094214  -4.5035563468  -0.030703959024  -0.45844265696  0.18394583888  -0.85962615901  0.19900525544  1.0402720349  -3.2433179778  -1.7775668566  1.4780422156  0.19938872554  -0.97308127519  -2.6369643929  -1.4193700333  3.5863675392  1.2706870252  -1.2785512913  -2.8916467563  -2.9525952278  -0.97530205857  -2.3996270891  
218.5241  3.4393871619  -4.5425641589  -2.7100246668  -4.7670544938  -0.058893582642  -0.35570777579  0.074030683175  -0.88318354733  0.1853404447  1.111780353  -3.4407133993  -1.9207494924  1.4901529989  0.232410748  -0.99307454675  -2.7912540451  -1.4038188296  3.7801451215  1.2349421615  -1.3801845756  -3.0104727477  -3.1050700414  -1.1218394567  -2.5172393386  
218.0476  3.6578531392  -4.534082117  -2.7613051284  -5.0287515477  -0.089305876834  -0.23544660578  -0.044327056194  -0.90250518581  0.16883045152  1.1829707616  -3.6319480519  -2.0686126922  1.497480365  0.27007817981  -1.0079644276  -2.9461248435  -1.3802522214  3.9741120582  1.1898988623  -1.4813831193  -3.1254067099  -3.2541507014  -1.282045799  -2.6341112441  
217.5732  3.87661706  -4.5172245879  -2.8046809034  -5.2866550753  -0.12185238189  -0.096957807403  -0.17073893116  -0.91708561485  0.14942878072  1.2531146424  -3.8148683363  -2.2205678502  1.5001655189  0.31276663166  -1.0170956464  -3.1009420883  -1.3484953246  4.1669811235  1.1356896257  -1.5809562577  -3.2356207555  -3.3986064518  -1.456400168  -2.7498955806  
217.1009  4.0942651379  -4.4922715958  -2.8399909102  -5.5386816006  -0.15642211146  0.060312671533  -0.30470893207  -0.92644868256  0.12712165769  1.3214268273  -3.9872962456  -2.3759593886  1.4984299462  0.36083569521  -1.0198122686  -3.2550946972  -1.3084456239  4.3573453392  1.07258393  -1.6776323821  -3.3402914824  -3.5371942411  -1.645307659  -2.864290627  
216.6306  4.3093524776  -4.459530526  -2.8671866019  -5.7826753898  -0.192882773  0.23675329942  -0.44563294979  -0.93015845158  0.10192940021  1.3870719613  -4.1470597884  -2.5340714152  1.4925714635  0.41462094128  -1.015466769  -3.40800759  -1.2600776392  4.5436834219  1.0009901939  -1.770075265  -3.4386091329  -3.6686749029  -1.8490856599  -2.9770457635  
216.1623  4.5204279489  -4.4193301704  -2.8863331126  -6.0164287397  -0.23108239442  0.4325702823  -0.59279989343  -0.9278302434  0.073907048184  1.4491722356  -4.2920241564  -2.694135947  1.4829580122  0.47442563003  -1.0034298833  -3.55915347  -1.2034469506  4.7243680587  0.92145507249  -1.8569030677  -3.5297868905  -3.7918298538  -2.0679492136  -3.0879654101  
215.696  4.7260611505  -4.3720150069  -2.8976077086  -6.2377034208  -0.27085132588  0.64777292734  -0.74539453548  -0.91914158976  0.043144178307  1.5068164513  -4.4201228853  -2.8553425983  1.4700192517  0.54051233459  -0.98310111623  -3.708063606  -1.1386935178  4.8976771956  0.83465998363  -1.9367097596  -3.6130701529  -3.9054779714  -2.301995524  -3.1969110232  
215.2318  4.9248710459  -4.3179398219  -2.9012954878  -6.4442529003  -0.31200457411  0.88216144819  -0.90250211757  -0.90384284604  0.0097638466282  1.5590703502  -4.5293882259  -3.0168495855  1.4542360853  0.61309470675  -0.95391975303  -3.8543372262  -1.0660442335  5.0618084559  0.74141483455  -2.0080885939  -3.6877456146  -4.0084922944  -2.5511877029  -3.3038009054  
214.7695  5.1155557887  -4.257464773  -2.8977823411  -6.633844955  -0.35434441646  1.1353175763  -1.0631147087  -0.88176721226  -0.026079379663  1.604988117  -4.6179799211  -3.1777958531  1.4361283208  0.69232963598  -0.91537619414  -3.9976491553  -0.98581464949  5.2148967347  0.64264898488  -2.0696571956  -3.7531499835  -4.0998161861  -2.8153379  -3.4086076377  
214.3093  5.2969231992  -4.1909509686  -2.8875452611  -6.8042842804  -0.39766323193  1.4065982954  -1.2261392627  -0.85283990457  -0.064202319457  1.6436249293  -4.6842115937  -3.3373140851  1.4162407426  0.77831007037  -0.86702340962  -4.1377553588  -0.89840981876  5.355034927  0.53939956159  -2.1200837456  -3.8086781571  -4.1784786008  -3.0940900081  -3.5113529983  
213.851  5.4679213136  -4.1187566211  -2.8711401562  -6.9534347119  -0.44174647853  1.6951329587  -1.3904072774  -0.81708622313  -0.10439699996  1.674050402  -4.726573981  -3.4945443212  1.3951279363  0.8710587793  -0.80848828896  -4.2744961092  -0.80432419729  5.4802976542  0.43279731555  -2.1581136773  -3.8537906851  -4.243608112  -3.3869021907  -3.6121003066  
213.3946  5.6276683898  -4.0412338137  -2.8491873901  -7.0792406933  -0.48637573953  1.9998239846  -1.55468591  -0.77463827297  -0.14643537653  1.6953627477  -4.7437543063  -3.648647872  1.3733382663  0.9705233407  -0.73948264681  -4.4077965487  -0.70414054997  5.5887677552  0.32405028459  -2.1825962518  -3.8880203512  -4.294445386  -3.693029537  -3.7109442053  
212.9402  5.7754817385  -3.9587258984  -2.8223553299  -7.1797476617  -0.53133175632  2.31935125  -1.717690363  -0.7257401111  -0.19007489868  1.7067034466  -4.7346511607  -3.7988211967  1.3513974599  1.0765726316  -0.65981363618  -4.5376644971  -0.59852780883  5.6785652025  0.21442559866  -2.1925103426  -3.9109777181  -4.3303538199  -4.0115072095  -3.8079979771  
212.4877  5.9109047419  -3.8715655314  -2.7913422343  -7.2531210569  -0.57639736251  2.6521802274  -1.8780973092  -0.67075111701  -0.23506484637  1.7072721979  -4.6983843676  -3.9443093947  1.3297922854  1.1889950863  -0.56939331775  -4.6641854379  -0.48823783398  5.7478780062  0.10522982816  -2.1869887416  -3.9223554906  -4.3508281102  -4.3411345084  -3.903378577  
212.0372  6.0337314291  -3.7800733313  -2.7568568548  -7.2976637138  -0.62136023315  2.9965738257  -2.0345590921  -0.61014741305  -0.28115333714  1.696341904  -4.634299429  -4.0844189562  1.3089548424  1.3074989653  -0.46824713915  -4.7875147062  -0.37410103233  5.7949945689  -0.0022116661616  -2.1653403049  -3.9219315744  -4.3555005715  -4.6804603317  -3.9971896464  
211.5885  6.1440280023  -3.6845571362  -2.7195981517  -7.3118314508  -0.66601536363  3.3506078183  -2.1857184029  -0.54452119679  -0.32809488153  1.6732734219  -4.541966293  -4.2185294246  1.28924799  1.431714844  -0.35652109047  -4.9078669972  -0.25702079498  5.8183368661  -0.10657587516  -2.1270692766  -3.9095707236  -4.3441450839  -5.0277705611  -4.0895028568  
211.1418  6.2421507412  -3.5853118248  -2.6802345434  -7.2942467226  -0.71016719588  3.7121896576  -2.3302231151  -0.47457788719  -0.37565834284  1.6375298025  -4.4211723373  -4.346103641  1.2709524368  1.5612004923  -0.23448732262  -5.0255034131  -0.13796672225  5.8164937507  -0.20656323194  -2.0718911754  -3.8852246972  -4.3166786153  -5.3810779412  -4.1803380074  
210.6969  6.3287597613  -3.4826196564  -2.6393831118  -7.2437102672  -0.7536313142  4.0790804045  -2.4667409382  -0.40113103009  -0.42363513795  1.5886897288  -4.2719096305  -4.4666962693  1.2542559955  1.6954482643  -0.10254804314  -5.1407163597  -0.017966615416  5.7882536211  -0.30091808351  -1.9997446907  -3.8489308721  -4.2731603281  -5.738115049  -4.2696423687  
210.2539  6.4048281621  -3.3767510818  -2.59758918  -7.1592107287  -0.79623563924  4.4489194296  -2.5939735471  -0.32509495495  -0.47184749876  1.5264598611  -4.094356702  -4.5799603462  1.2392454697  1.833895063  0.038762460849  -5.2538126943  0.10190277354  5.7326356481  -0.38844796528  -1.9107991199  -3.8008092846  -4.2137883488  -6.0963309621  -4.3572698189  
209.8128  6.4716461667  -3.2679659724  -2.5553066573  -7.0399322893  -0.83782105662  4.8192514849  -2.710669845  -0.24747522276  -0.52015659954  1.4506857949  -3.8888552274  -4.6856516471  1.225901589  1.9759348803  0.18877778155  -5.3650956067  0.22052622771  5.6489187412  -0.46804110376  -1.8054569737  -3.7410581071  -4.1388943425  -6.4528922258  -4.442960364  
209.3735  6.5308199336  -3.1565152129  -2.5128795186  -6.8852603896  -0.8782414254  5.1875556954  -2.8156380307  -0.16935695291  -0.56847034461  1.3613613441  -3.6558821981  -4.7836307254  1.2140973437  2.1209338457  0.34670139372  -5.4748457831  0.33676176338  5.5366674381  -0.53868159073  -1.6843514941  -3.669947595  -4.0489360925  -6.8046886955  -4.5263206557  
208.936  6.5842648034  -3.0426426042  -2.4705247491  -6.6947856463  -0.91736292157  5.5512759827  -2.907756163  -0.091891164232  -0.61675060298  1.2586358712  -3.3960183067  -4.8738625477  1.2035999932  2.2682476444  0.51161071399  -5.5833024544  0.44945349797  5.3957539339  -0.59946170542  -1.5483389461  -3.5878125699  -3.9444883364  -7.1483447784  -4.6068061334  
208.5004  6.6341928283  -2.926587024  -2.4283170353  -6.4683061043  -0.95506268213  5.9078524081  -2.9859809461  -0.016279310827  -0.66501967297  1.1428194045  -3.1099134182  -4.9564137248  1.1940769313  2.4172410949  0.68246317528  -5.6906449651  0.55744562479  5.226375526  -0.64959090763  -1.398485678  -3.4950435365  -3.8262321531  -7.4802365259  -4.6837054016  
208.0666  6.6830945272  -2.8085847948  -2.3861754428  -6.2058279702  -0.99122672596  6.2547529148  -3.0493545037  0.056243765128  -0.71336575982  1.0143853015  -2.7982501229  -5.0314474155  1.1851054975  2.5673095995  0.85810422156  -5.7969755104  0.65959740927  5.029066834  -0.68840108566  -1.2360500741  -3.3920765593  -3.6949432231  -7.7965149315  -4.7561274309  
207.6346  6.7337148967  -2.6888722119  -2.3438522605  -5.9075649783  -1.0257471389  6.5895049469  -3.0970089564  0.12442820283  -0.76194725373  0.87397024762  -2.461706465  -5.0992160581  1.176186716  2.717902116  1.0372770753  -5.9023036852  0.75479909952  4.8047062643  -0.71534771561  -1.0624596522  -3.2793820549  -3.5514793038  -8.0931356674  -4.8229921158  
207.2043  6.7890238043  -2.5676881848  -2.3009241472  -5.5739365272  -1.0585185208  6.9097264432  -3.1281686773  0.18702852094  -0.81099560442  0.72237141161  -2.100919012  -5.160052162  1.1667628398  2.8685452275  1.2186340803  -6.0065334543  0.84198862105  4.5545163192  -0.730006673  -0.87928368262  -3.1574526789  -3.3967672642  -8.3658953509  -4.8830246629  
206.7759  6.85218098  -2.4452769505  -2.2567856627  -5.2055647092  -1.0894337027  7.2131557286  -3.1421501611  0.24282372286  -0.86081660117  0.56054062014  -1.7164474714  -5.2143574629  1.1562384686  3.0188678299  1.4007493759  -6.1094531032  0.92016890471  4.2800575027  -0.73206653132  -0.68820181703  -3.0267905108  -3.231790012  -8.6104742699  -4.9347541965  
206.3492  6.9264959146  -2.3218908137  -2.2106452188  -4.8032703279  -1.1183787523  7.4976798625  -3.1383595139  0.29063776587  -0.91178988494  0.38957545679  -1.3087420681  -5.2625908065  1.1440049015  3.1686259046  1.5821326211  -6.2107286569  0.98842567676  3.983215737  -0.7213162843  -0.49096931378  -2.8878937618  -3.0575736233  -8.8224853175  -4.9765168721  
205.9243  7.0153830608  -2.1977928738  -2.1615234483  -4.3680679633  -1.1452272966  7.7613610535  -3.1162876393  0.32936003525  -0.96436654114  0.21070724277  -0.8781148693  -5.3052551814  1.1294672862  3.3177267997  1.7612434522  -6.309901159  1.045945523  3.6661833812  -0.69762853619  -0.28937952923  -2.741243244  -2.8751749441  -8.9975287007  -5.0064636815  
205.5011  7.122312819  -2.0732596929  -2.1082539505  -3.9011601168  -1.1698341956  8.0024607953  -3.07550327  0.357965455  -1.0190646482  0.025285910435  -0.42471618168  -5.3428843577  1.1120740294  3.466252413  1.9365063347  -6.4063881004  1.0920340241  3.3314341192  -0.66093831695  -0.085224405611  -2.5872888555  -2.6856698854  -9.1312517898  -5.0225730123  
205.0797  7.2507588757  -1.9485838606  -2.0494863483  -3.4039304255  -1.1920286145  8.2194614392  -3.0156440674  0.37553386363  -1.0764626873  -0.16523816031  0.0514829531  -5.3760296171  1.0913478514  3.61448065  2.1063254587  -6.4994891601  1.12613375  2.9816921622  -0.61121779307  0.11974627168  -2.4264363439  -2.4901425698  -9.2194132842  -5.0226679055  
204.6599  7.40414254  -1.8240764033  -1.9836915671  -2.8779359134  -1.2116065462  8.411084971  -2.9364060789  0.38126828616  -1.1371907555  -0.35933521104  0.55070126585  -5.4052470628  1.0669177893  3.7629045246  2.2690993169  -6.5883962969  1.1478418925  2.6198963769  -0.54844725937  0.32386605577  -2.2590346153  -2.289675422  -9.2579506812  -5.004437825  
204.2419  7.5857748036  -1.7000689861  -1.9091692361  -2.3248982182  -1.2283228442  8.5763088172  -2.8375319098  0.37451174226  -1.20191956  -0.55541988391  1.0733500355  -5.431085993  1.0385513998  3.9122482778  2.4232346168  -6.6722080905  1.1569273166  2.2491601072  -0.47258290914  0.52559266915  -2.0853638579  -2.0853402202  -9.2430498631  -4.9654646341  
203.8257  7.7987969206  -1.576915844  -1.8240571024  -1.7466937207  -1.2418828354  8.7143785526  -2.718798024  0.35476224388  -1.2713472191  -0.75187745152  1.6200275858  -5.4540787893  1.0061863612  4.0634799119  2.5671591899  -6.7499481008  1.1533468093  1.8727275905  -0.38352198852  0.7235477175  -1.9056247473  -1.8781900481  -9.1712154643  -4.9032523552  
203.411  8.0461203749  -1.4549953779  -1.7263423489  -1.1453425038  -1.2519335879  8.8248174301  -2.5800016386  0.3216856551  -1.3461839362  -0.94709217423  2.1915051702  -5.4747327298  0.96996065003  4.217819577  2.69933359  -6.8205868819  1.137260316  1.4939279794  -0.28106604293  0.91655456244  -1.7199289884  -1.6692520162  -9.0393405561  -4.8152601784  
202.9981  8.330367162  -1.334711341  -1.6138747093  -0.52299607542  -1.2580549199  8.9074326863  -2.420947719  0.27512610997  -1.4271346649  -1.1394774012  2.7887041413  -5.493524072  0.93024045464  4.3767432937  2.8182611049  -6.8830671671  1.1090449603  1.1161280601  -0.16488305782  1.1036736885  -1.5282914441  -1.459520547  -8.8447740975  -4.6989380917  
202.5869  8.6538113709  -1.2164935358  -1.4843812802  0.11807617807  -1.2597502422  8.9623186071  -2.2414366093  0.21511371212  -1.5148799326  -1.3275069733  3.4126645499  -5.5108946731  0.88764499405  4.541981566  2.9224959528  -6.9363316368  1.0693076614  0.74268480854  -0.034469379877  1.2842349726  -1.3306240766  -1.2499509608  -8.5853845447  -4.5517644229  
202.1773  9.0183230952  -1.1007979375  -1.3354829404  0.77550180527  -1.2564373393  8.9898563567  -2.041252851  0.14186927132  -1.6100550405  -1.5097474363  4.0645055674  -5.5272513274  0.84306743663  4.7155125152  3.0106494824  -6.9793525883  1.0188961772  0.37689893633  0.11088762255  1.4578663463  -1.1267319137  -1.0414530456  -8.2596180104  -4.3712845209  
201.7694  9.4253157376  -0.98810615439  -1.1647122925  1.4468213107  -1.2474392033  8.9907105801  -1.8201557436  0.05580586765  -1.7132279112  -1.6848905249  4.7453783808  -5.5429678963  0.7976911549  4.8995492575  3.0813942525  -7.011162764  0.95890841957  0.021970558979  0.27214514279  1.6245184335  -0.9163112211  -0.83488426143  -7.8665493961  -4.1551497588  
201.3631  9.8756977932  -0.87892413059  -0.96953305531  2.1295052584  -1.2319750488  8.9658227932  -1.577872192  -0.042472927197  -1.8248759026  -1.8517853483  5.4564124533  -5.5583902041  0.75300061432  5.096521352  3.1334659287  -7.0308865435  0.89069990686  -0.31904194219  0.45053770282  1.7844848328  -0.69895003401  -0.63104221191  -7.405925014  -3.9011560223  
200.9584  10.369830197  -0.77378000155  -0.74736083761  2.8209722596  -1.2091516494  8.9164015662  -1.3140923549  -0.15217830013  -1.9453619572  -2.0094696765  6.1986562795  -5.5738435601  0.71078627203  5.3090502577  3.1656629989  -7.0377706922  0.81588923825  -0.6432588835  0.64760601817  1.9384178109  -0.47413116816  -0.43065601547  -6.8781953476  -3.6072808418  
200.5554  10.907490305  -0.6732210088  -0.49558523095  3.5186075644  -1.1779551522  8.8439094953  -1.0284685684  -0.27234500126  -2.0749104965  -2.1571997175  6.9730139746  -5.5896426615  0.67314295655  5.5399188637  3.1768443705  -7.0312138619  0.73636148705  -0.94801121249  0.86522086882  2.0873392527  -0.24123778724  -0.23437623454  -6.2845367848  -3.2717183511  
200.154  11.487843544  -0.57780938982  -0.21159315726  4.2197819011  -1.1372435423  8.7500469408  -0.72061795864  -0.40184373754  -2.2135835121  -2.294477773  7.7801792231  -5.6061035279  0.64246130922  5.7920352813  3.1659249841  -7.0107940731  0.65426942622  -1.2308667086  1.1056008984  2.2326467935  4.3843712382E-4  -0.042763064748  -5.6268613842  -2.8929112969  
199.7541  12.109423681  -0.48811716601  0.10720659375  4.9218701264  -1.0857399457  8.6367324963  -0.3901290833  -0.53939713844  -2.3612573357  -2.4210771694  8.6205682642  -5.6235570276  0.62141199211  6.0683912237  3.131869636  -6.9762934669  0.57203250632  -1.4896499241  1.3713233008  2.3761151245  0.2516865863  0.14372744579  -4.9078140014  -2.4695793865  
199.3559  12.770122592  -0.40471976508  0.46335770921  5.6222691871  -1.0220269774  8.5060801386  -0.036572854579  -0.68359922236  -2.5176005924  -2.5370638903  9.4942537042  -5.6423634754  0.61292250259  6.3720154356  3.0736852656  -6.9277196955  0.49233351091  -1.7224555323  1.665326415  2.5198925141  0.51336324173  0.32475928825  -4.1307564002  -2.0007433441  
198.9593  13.467190261  -0.3281884315  0.85932965986  6.3184148403  -0.94454235735  8.360373001  0.34048210789  -0.83293823543  -2.6820538598  -2.6428143688  10.400901011  -5.6629277231  0.6201465799  6.7059227691  2.9904120223  -6.8653234189  0.41811281285  -1.9276549564  1.9909033321  2.6664926261  0.78637683901  0.50013452862  -3.2997382966  -1.4857441467  
198.5642  14.19724561  -0.25908140069  1.2974900598  7.0077965472  -0.85157603352  8.2020337146  0.74144965888  -0.98582267551  -2.8538115568  -2.7390289533  11.33970957  -5.6857141206  0.64642634117  7.0730596391  2.8811134739  -6.7896114982  0.35256014776  -2.1038963611  2.3516857338  2.8187817369  1.0716698083  0.66981339439  -2.4194556223  -0.92425702371  
198.1707  14.956298543  -0.19793383913  1.7800761816  7.6879699447  -0.74126906722  8.0335912722  1.1667019334  -1.1406102534  -3.0318065796  -2.8267406182  12.309360137  -5.7112607114  0.69524744068  7.4762467179  2.7448663689  -6.7013555981  0.29910380858  -2.2500983021  2.7516173162  2.9799614643  1.37019874  0.83393618057  -1.4951966391  -0.31629993413  
197.7788  15.739783401  -0.14524658494  2.3091657404  8.3565663182  -0.61161454612  7.857644396  1.6165409982  -1.2956394816  -3.2146981822  -2.907318564  13.30797046  -5.7401920318  0.77018770313  7.9181198494  2.5807503982  -6.6015960579  0.26139714775  -2.3654375234  3.1949163199  3.1535471105  1.6829128765  0.9928465956  -0.53277687166  0.33776362758  
197.3884  16.542603772  -0.10147375969  2.8866470723  9.0112985427  -0.46046080152  7.6768214324  2.0911667073  -1.4492635205  -3.4008635694  -2.9824664309  14.333060665  -5.7732299176  0.87485983631  8.401070268  2.3878384356  -6.4916410234  0.24330225212  -2.4493315844  3.6860268755  3.3433417068  2.0107312893  1.1471160148  0.46153584535  1.0372275021  
196.9995  17.359188318  -0.067009364493  3.5141888382  9.6499630369  -0.28551720995  7.4937368529  2.5906412583  -1.5998858509  -3.5883936204  -3.0542149343  15.381529855  -5.8112017799  1.0128489764  8.9271853025  2.165187752  -6.3730609756  0.24887063217  -2.5014171556  4.2295590888  3.5534058147  2.3545191587  1.2975679591  1.4811046166  1.7810512676  
196.6122  18.183557041  -0.042173019539  4.1932093919  10.270437376  -0.084362858905  7.3109445139  3.1148510827  -1.745997285  -3.7750931109  -3.1249088236  16.449645092  -5.8550458947  1.1876459575  9.4981908124  1.9118327091  -6.2476789211  0.28232074339  -2.5215249661  4.8302180284  3.7880231072  2.7150636281  1.445301972  2.5190131785  2.5678738792  
196.2264  19.009397082  -0.027195056826  4.9248459495  10.870673341  0.14554165022  7.1308879204  3.663466835  -1.8862137759  -3.9584857283  -3.1971881551  17.533043664  -5.9058133553  1.4025773193  10.115396658  1.6267794368  -6.1175566306  0.34801213517  -2.5096524864  5.4927220301  4.0516617103  3.0930497486  1.5917159399  3.5681599669  3.396032104  
195.8421  19.830146878  -0.022201230201  5.7099236979  11.448685337  0.40683900353  6.9558478413  4.2359023618  -2.0193144367  -4.1358240981  -3.2739639606  18.626749218  -5.9646664602  1.6607331733  10.77964652  1.3090029791  -5.9849774144  0.45041600566  -2.4659355049  6.2217110092  4.3489312475  3.4890370688  1.7385257897  4.6213543262  4.2635831673  
195.4593  20.639087212  -0.027197363686  6.5489249679  12.002534279  0.70225634378  6.7878877402  4.8312736429  -2.1442791438  -4.3041049546  -3.3583884849  19.725201977  -6.0328734468  1.9648941317  11.491273391  0.95744736699  -5.8524260093  0.59408193116  -2.3906197866  7.0216457457  4.684535493  3.903437452  1.8877814144  5.6714125254  5.1683308909  
195.078  21.429437429  -0.042054317745  7.4419585915  12.530307227  1.0345826022  6.6287976131  5.4483587761  -2.2603250663  -4.4600894911  -3.4538202472  20.822302892  -6.1117996293  2.3174585572  12.250062005  0.57102903174  -5.7225662108  0.78360053961  -2.284033998  7.8966993984  5.0632205089  4.3364947148  2.0418776258  6.7112512028  6.1078544808  
194.6982  22.194454855  -0.066493712092  8.3887295467  13.030093236  1.4066418279  6.4800369503  6.0855601448  -2.366941447  -4.6003288313  -3.5637842584  21.911471177  -6.2028951502  2.720371428  13.055219406  0.14864391055  -5.5982169242  1.0235619127  -2.1465650366  8.8506427814  5.4897181239  4.7882666778  2.2035589185  7.7339758898  7.0795390161  
194.3199  22.92753526  -0.10007490134  9.388508978  13.499956069  1.8212624012  6.3426776731  6.7408699377  -2.4639219538  -4.7211944612  -3.6919278005  22.985714321  -6.307679706  3.1750561037  13.905354756  -0.31082147728  -5.4823273134  1.318509533  -1.9786368171  9.8867252086  5.9686846034  5.2586101996  2.3759168529  8.7329623551  8.0806065952  
193.943  23.622312049  -0.14218375416  10.440104669  13.937904569  2.281242075  6.2173480139  7.4118401964  -2.5513939283  -4.8189133632  -3.8419722312  24.037709251  -6.427724751  3.682350249  14.798469318  -0.80847479868  -5.3779517154  1.6728896427  -1.7806934464  11.007552964  6.5046343704  5.7471697241  2.5623789368  9.7019286712  9.1081470274  
193.5676  24.272751768  -0.1920238358  11.54183203  14.341861651  2.7893088605  6.1041784241  8.0955585313  -2.6298438823  -4.8896074984  -4.0176613334  25.059893023  -6.5646338087  4.2424471033  15.731957388  -1.3453984422  -5.2882249405  2.0909959553  -1.5531875641  12.214967676  7.1018686674  6.2533698068  2.7666879958  10.634996122  10.159146908  
193.1936  24.873243505  -0.24861063464  12.691485652  14.709632961  3.3480778514  6.002750684  8.7886305816  -2.7001386307  -4.9293371971  -4.2227067722  26.044561039  -6.7200216333  4.8548431848  16.702618723  -1.9226258662  -5.2163385143  2.5769097539  -1.2965744417  13.509927069  7.7643990925  6.7764120072  2.9928711839  11.526737348  11.230515897  
192.8211  25.418679765  -0.31076950444  13.8863115  15.038876329  3.9600041667  5.9120514611  9.4871701853  -2.7635415067  -4.9341479377  -4.4607312567  26.98397059  -6.8954930448  5.5182933874  17.706682786  -2.5411139407  -5.1655183263  3.1344355338  -1.011312223  14.892390685  8.495866015  7.3152764236  3.2451979883  12.372210451  12.319109013  
192.45  25.904526549  -0.3771380107  15.122979795  15.327073178  4.6273322894  5.8304316032  10.186798084  -2.8217231723  -4.9001199285  -4.7352100363  27.870447248  -7.0926223145  6.230774268  18.739844837  -3.2017116151  -5.1390040402  3.7670324848  -0.69786846402  16.361213292  9.2994519633  7.8687280215  3.5281268234  13.166978137  13.42174382  
192.0804  26.326880505  -0.44617337051  16.397558691  15.571502993  5.3520421776  5.7555724614  10.882649804  -2.8767666262  -4.8234198577  -5.0494113785  28.69649153  -7.3129340001  6.9894561409  19.797313633  -3.9051253942  -5.1400304999  4.4777422771  -0.35673289126  17.914048664  10.177790191  8.4353277646  3.8462400887  13.907111381  14.535211411  
191.7121  26.68251133  -0.51616565637  17.705488885  15.769221929  6.1357926301  5.684460506  11.569393147  -2.9311661068  -4.7003541405  -5.4063366993  29.454883161  -7.5578861126  7.7906843875  20.873870187  -4.6518822717  -5.1718112274  5.2691137971  0.011563945348  19.547266442  11.132868755  9.0134483874  4.2041678724  14.589177495  15.656280231  
191.3453  26.968887858  -0.5852573938  19.041559327  15.91704646  6.9798624974  5.6133714319  12.241255474  -2.9878197017  -4.5274229791  -5.8086610266  30.138780281  -7.8288564408  8.6299701778  21.96393674  -5.4422909261  -5.2375239724  6.1431256765  0.4064266873  21.255884602  12.165930597  9.6012944811  4.6065008108  15.210212906  16.781691903  
190.9799  27.184186713  -0.65147011638  20.39988432  16.011542843  7.8850904362  5.5378648358  12.892060703  -3.0500155917  -4.3013745518  -6.2586744986  30.741811013  -8.1271327715  9.5019905718  23.061654791  -6.2764021407  -5.3402981322  7.1011076702  0.82716664139  23.033519925  13.277370288  10.196926375  5.0576929519  15.767681369  17.908148389  
190.6158  27.327282793  -0.71273834914  21.773882333  16.049022916  8.8518140139  5.4527903959  13.515275669  -3.1214119865  -4.0192586758  -6.7582256066  31.25815499  -8.4539076122  10.40059775  24.160970756  -7.1539695499  -5.4832037268  8.1436621479  1.2729697134  24.872358542  14.466628274  10.798287116  5.5619558174  16.259418723  19.032290029  
190.2532  27.397721358  -0.7669513691  23.156257017  16.02554654  9.8798090715  5.3523062941  14.104065194  -3.206010935  -3.6784793259  -7.3086669155  31.682612667  -8.8102778623  11.31883691  25.255727548  -8.0744119411  -5.6692414961  9.2705871746  1.7428619868  26.763148345  15.732083688  11.403231661  6.1231451876  16.683565674  20.150664236  
189.8919  27.395671971  -0.8120029402  24.53898098  15.936930694  10.968230349  5.2299103896  14.651354938  -3.3081263248  -3.2768454561  -7.9108040111  32.01066059  -9.1972496898  12.248972167  26.339760175  -9.0367784359  -5.9013335763  10.48080285  2.2356742832  28.695214602  17.070946981  12.009557243  6.7446424473  17.03849044  21.259684901  
189.532  27.321865081  -0.84584903811  25.91328307  15.77876497  12.115554467  5.0784843968  15.149900842  -3.432346507  -2.8126196484  -8.564848448  32.238491146  -9.6157486509  13.182519644  27.406993225  -10.039717943  -6.1823141348  11.772282751  2.7500071543  30.656499681  18.479153865  12.615033705  7.4292326151  17.322703352  22.355582837  
189.1735  27.177512518  -0.86657336963  27.269640013  15.546432933  13.319526425  4.8903510325  15.592363707  -3.5834921004  -2.2845642029  -9.2703754992  32.363035775  -10.066634865  14.110286784  28.45153802  -11.081454303  -6.5149192851  13.141992469  3.2841978251  32.633627247  19.951262311  13.217432493  8.1789814189  17.534765764  23.434347933  
188.8163  26.964213702  -0.87246025377  28.597773441  15.235138566  14.577110856  4.6573437985  15.971387282  -3.7665696303  -1.6919843872  -10.026287536  32.381971115  -10.550722808  15.022416854  29.467787111  -12.159768513  -6.9017755788  14.585837329  3.8362906311  34.611990782  21.480354532  13.814552918  8.9951139717  17.673195815  24.49166399  
188.4604  26.68384979  -0.86207417006  29.886653472  14.839936774  15.884449289  4.3708887578  16.279678028  -3.9867217465  -1.0347686695  -10.830783899  32.293708045  -11.068805056  15.908437558  30.450503799  -13.271989377  -7.3453863781  16.09862145  4.4040124636  36.575865659  23.057946191  14.404244245  9.8778977351  17.736373685  25.522837585  
188.1059  26.338468426  -0.83434499983  31.124510166  14.355766788  17.236824732  4.0220973527  16.510084681  -4.2491748311  -0.31342586991  -11.681338141  32.097364143  -11.621679064  16.757312693  31.394904415  -14.414993768  -7.8481154562  17.674020274  4.9847546605  38.508543475  24.673905234  14.984422208  10.826532525  17.72244908  26.522722606  
187.7527  25.930162099  -0.78865769244  32.29885428  13.777487165  18.62863486  3.60186902  16.65567564  -4.559184853  0.47088073033  -12.574683562  31.792720582  -12.210175852  17.557495867  32.296731212  -15.585217531  -8.4121672476  19.304568657  5.5755626522  40.39248676  26.316383022  15.553078601  11.839050313  17.629253666  27.485642481  
187.4009  25.460943387  -0.72494479051  33.39650889  13.099911082  20.053375081  3.1010020883  16.709812297  -4.9219823431  1.3163021877  -13.506807951  31.380164998  -12.835189298  18.296985427  33.152313926  -16.778677805  -9.0395632809  20.981666467  6.1731344944  42.209501652  27.97176061  16.108282757  12.912227509  17.454221141  28.405312381  
187.0504  24.932620576  -0.64377995205  34.40365347  12.31784064  21.503632719  2.5103111992  16.666216491  -5.3427173578  2.2202753902  -14.472958452  30.860622375  -13.497704535  18.96337994  33.958618309  -17.991007252  -9.732114467  22.695603408  6.7738292021  43.940925684  29.624613213  16.648173915  14.041512256  17.194317501  29.274764006  
186.7011  24.346677236  -0.54647032499  35.305882099  11.42609906  22.971093444  1.8207493018  16.519030489  -5.8264052595  3.1794969756  -15.467657477  30.235476343  -14.198823887  19.543933818  34.713280235  -19.217500332  -10.491389083  24.435604539  7.3736855388  45.567827387  31.257696038  17.17094375  15.220969074  16.845983943  30.086275754  
186.3532  23.704159351  -0.43514536958  36.088277391  10.419559871  24.446561021  1.0235321177  16.262868144  -6.3778740795  4.1898993784  -16.484730506  29.506483732  -14.939788677  20.025612976  35.414624367  -20.453171361  -11.31867648  26.189897582  7.9684516234  47.071214148  32.851954746  17.67480868  16.443242894  16.405094618  30.831311319  
186.0066  23.005573517  -0.31283949919  36.735501724  9.2931724977  25.919991265  0.11026288902  15.8928562  -7.0017141292  5.2466287135  -17.517346573  28.675685425  -15.721995237  20.395150753  36.061666719  -21.692823694  -12.214946738  27.945802697  8.553625407  48.432244492  34.386563881  18.15797195  17.699544219  15.866931239  31.500469828  
185.6612  22.250799552  -0.18356572938  37.231907136  8.041984046  27.380540977  -0.92694481228  15.404665123  -7.7022304095  6.3440242509  -18.558072112  27.745316809  -16.547003501  20.63910469  36.654100901  -22.931128886  -13.180806722  29.689844917  9.1245057363  49.632440933  35.838996526  18.618575941  18.97965674  15.226176268  32.083450718  
185.3172  21.439020565  -0.052377401779  37.561665093  6.6611575592  28.81663241  -2.0953483977  14.794529253  -8.4833982192  7.4755993269  -19.598938691  26.71772117  -17.416536653  20.743915121  37.192268223  -24.162714257  -14.216453167  31.407888912  9.6762533905  50.653899477  37.18512837  19.05464562  20.271968355  14.476926147  32.569036524  
184.9744  20.568673214  0.074585007894  37.708916995  5.1459874779  30.216033603  -3.401463785  14.05925655  -9.3488221997  8.6340236665  -20.63152498  25.595269394  -18.332470494  20.695966947  37.677112278  -25.382256826  -15.321623642  33.085295174  10.203961145  51.47949208  38.399379152  19.46402456  21.563526071  13.612725697  32.945096614  
184.6329  19.63742041  0.19006496955  37.657945928  3.4919135887  31.565954674  -4.8509610593  13.196228668  -10.301698873  9.8111072769  -21.647053032  24.380289191  -19.296811367  20.481656273  38.110118983  -26.584581144  -16.495546412  34.707096099  10.702731602  52.093058581  39.454894097  19.844305468  22.840114843  12.626624522  33.198614725  
184.2926  18.642148249  0.28568173586  37.393369717  1.6945352492  32.853159902  -6.4485699834  12.203392588  -11.344782538  10.997786293  -22.636498691  23.075006859  -20.31166182  20.087463941  38.493243444  -27.764758191  -17.736890352  36.258189889  11.16776123  52.479585034  40.323767562  20.192757641  24.086359948  11.511255904  33.315742823  
183.9536  17.5789884  0.35194561484  36.900354764  -0.25037183635  34.064095108  -8.1979968086  11.079245455  -12.480354213  12.184111426  -23.590715598  21.681504242  -21.379173449  19.500038202  38.828825299  -28.918202174  -19.043716208  37.723549535  11.594428803  52.625365831  40.977310479  20.506254237  25.285852052  10.258938338  33.281883444  
183.6158  16.443366548  0.37829907206  36.164849576  -2.3468335908  35.185029551  -10.101853529  9.8228146729  -13.710193097  13.359239961  -24.50057186  20.201693105  -22.501486781  18.706288978  39.119494456  -30.040761814  -20.41343052  39.088443629  11.978386206  52.518147602  41.386362512  20.781202649  26.421293728  8.8617995137  33.08180214  
183.2793  15.230076909  0.35318567957  35.173836187  -4.5986472587  36.202211228  -12.161600393  8.4336356312  -15.035549904  14.511432581  -25.357098042  18.637308639  -23.680658422  17.693496191  39.368069313  -31.128802587  -21.842743596  40.338665202  12.315649396  52.147253471  41.521648927  21.013481585  27.474665815  7.3119221927  32.699771123  
182.944  13.933382163  0.26414846076  33.915596945  -7.0093395845  37.102034121  -14.377502149  6.9117296626  -16.457121222  15.628056645  -26.151644669  16.989923174  -24.918576149  16.4494346  39.57744966  -32.179276329  -23.327632854  41.460764333  12.602687197  51.503686984  41.354181208  21.198388664  28.427411655  5.601511061  32.119744478  
182.6099  12.547137519  0.097958627248  32.379993354  -9.5821101752  37.871215604  -16.748598118  5.2575849521  -17.975023986  16.695597859  -26.876046939  15.26098053  -26.216863017  14.962517369  39.750506511  -33.189774736  -24.863312787  42.442279908  12.836505544  50.580215637  40.855699272  21.330602445  29.260636996  3.7230792773  31.325564661  
182.2771  11.06493701  -0.15922492623  30.558752886  -12.319756863  38.49698188  -19.2726859  3.4721431263  -19.588769054  17.699682641  -27.522793838  13.451850696  -27.576772027  13.221960251  39.889971053  -34.158563495  -26.444212668  43.271965592  13.014724763  49.371434686  39.999151874  21.404162733  29.955323111  1.6696530435  30.301199133  
181.9454  9.4802795249  -0.52166569841  28.445758855  -15.224580176  38.967259009  -21.946318151  1.5567941177  -21.297232873  18.625113744  -28.085198369  11.563903805  -28.999073277  11.217967733  39.998324818  -35.084594161  -28.063962943  43.940004945  13.135647556  47.87381248  38.759210399  21.412472813  30.492550498  -0.5650078665  29.031005236  
181.615  7.7867515269  -1.0038303055  26.037337704  -18.29826454  39.27086677  -24.764811627  -0.48661836452  -23.098626246  19.45592193  -28.557565125  9.5986015834  -30.483935931  8.9419418516  40.077692998  -35.967491379  -29.715391036  44.438210527  13.198315446  46.08571916  37.112809805  21.348326871  30.853730438  -2.9861760884  27.500020516  
181.2857  5.9782229311  -1.6201417092  23.332537347  -21.541734502  39.397712331  -27.722267417  -2.6557788214  -24.990459337  20.175436672  -28.935350992  7.5576037615  -32.030807667  6.3867135034  40.129742639  -36.807513718  -31.390527053  44.760201893  13.202551597  44.00744098  35.039708958  21.203965331  31.020841615  -5.597912051  25.694274888  
180.9577  4.0490521943  -2.3847076026  20.333389558  -24.954985205  39.33898046  -30.811601153  -4.947867994  -26.969502192  20.766378864  -29.215314422  5.4428861988  -33.638294582  3.5467951152  40.155587189  -37.605487093  -33.080619628  44.901557616  13.148988174  41.641182856  32.523061108  20.971160122  30.976668968  -8.4028120772  23.601120215  
180.6308  1.994296327  -3.3110273989  17.045148939  -28.53688737  39.087316813  -34.024581812  -7.3595161573  -29.031740305  21.210978509  -29.395648416  3.2568668658  -35.304044716  0.41865241962  40.155698627  -38.362710644  -34.776161868  44.859936734  13.039076616  38.991061909  29.549983828  20.641331003  30.705041996  -11.401752957  21.209572092  
180.3051  -0.19007869862  -4.4116820338  13.476500617  -32.284968302  38.637000702  -37.351877689  -9.8867416277  -31.172325073  21.491120103  -29.476092202  1.0025352812  -37.024638564  -2.9990081498  40.12982813  -39.080835878  -36.466927134  44.635165518  12.875079566  36.063094777  26.112116377  20.205693111  30.191069757  -14.593637175  18.510657933  
179.9806  -2.5069918226  -5.6980115144  9.6397286545  -36.195171762  37.984103643  -40.78310813  -12.524875226  -33.385519331  21.588518115  -29.458016548  -1.3164194312  -38.79548997  -6.7049412146  40.076936024  -39.761720862  -38.142014147  44.229285977  12.660043493  32.86518135  22.206151315  19.655434724  29.421369912  -17.975143399  15.497764822  
179.6573  -4.9580497674  -7.1797857962  5.5508372011  -40.261600963  37.126630011  -44.30689964  -15.26847228  -35.664638594  21.484924389  -29.344477776  -3.6954869946  -40.610760792  -10.69505945  39.995131525  -40.407262287  -39.789900738  43.646563195  12.397751464  29.407087211  17.834326221  18.98192309  28.384289217  -21.540487244  12.166980118  
179.3351  -7.5433635533  -8.8648751368  1.2296166899  -44.476250394  36.064636143  -47.910945143  -18.111214588  -38.001989088  21.162368664  -29.14023584  -6.1292262173  -42.463292621  -14.962133212  39.881622639  -41.019209256  -41.398505432  42.893449371  12.092655919  25.700426633  13.004860789  18.176934878  27.070112991  -25.281197679  8.5174173908  
179.014  -10.261383125  -10.758926534  -3.3003521004  -48.828733584  34.800324432  -51.582065276  -21.045805587  -40.388804166  20.603432484  -28.851732302  -8.6111722725  -44.344558624  -19.495501404  39.732676493  -41.598963584  -42.955255953  41.978503228  11.749791751  21.758647336  7.7323242206  17.23290662  25.471261148  -29.185914764  4.5515200736  
178.6942  -13.108754268  -12.865053196  -8.0117624929  -53.306015193  33.338109122  -55.30627086  -24.063862714  -42.815181192  19.791555764  -28.487024737  -11.13376608  -46.244638266  -24.280803271  39.543590318  -42.147372312  -44.447163769  40.91226442  11.374670426  17.597017454  2.0379180287  16.143199281  23.582468501  -33.240214642  0.27533511382  
178.3754  -16.080201603  -15.183544194  -12.873720178  -57.892157003  31.684650892  -59.068825855  -27.155811615  -45.270021487  18.711374133  -28.055674956  -13.688310465  -48.152217296  -29.299741709  39.308673357  -42.664518885  -45.86090384  39.707083452  10.973156399  13.232614365  -4.0503401002  14.902370037  21.400947072  -37.426467857  -4.3012509589  
178.0578  -19.168440939  -17.711601514  -17.851959266  -62.56808826  29.848857674  -62.854310397  -30.31078736  -47.740976404  17.349083809  -27.568589529  -16.26495722  -50.054614897  -34.5298893  39.021240053  -43.149520051  -47.182898841  38.376908648  10.551327515  8.6843141235  -10.49754465  13.506443399  18.926528259  -41.723737104  -9.1643208725  
177.7413  -22.364123702  -20.443111638  -22.909138502  -67.311411455  27.841849676  -66.646683718  -33.516548195  -50.214403004  15.692829461  -27.037812332  -18.852728432  -51.937839338  -39.944548608  38.673615055  -43.600335957  -48.399407368  36.937032664  10.115321601  3.972779365  -17.261954514  11.953173081  16.161782701  -46.107720416  -14.295787215  
177.426  -25.655815496  -23.368458537  -28.005218186  -72.096254945  25.67688711  -70.429347006  -36.759407534  -52.675333145  13.733108989  -26.476270268  -21.439574558  -53.786672876  -45.512678209  38.257150758  -44.013601084  -49.496615832  35.403802007  9.6711719294  -0.87955730318  -24.295178742  10.242285525  13.112115787  -50.550745545  -19.673311021  
177.1117  -29.030010109  -26.47438457  -33.09791631  -76.893183671  23.36925984  -74.185206466  -40.024189832  -55.107460046  11.463187795  -25.897474845  -24.012470662  -55.584785968  -51.198895485  37.76225833  -44.384483636  -50.460734044  33.794293979  9.224634677  -5.8485181671  -31.542502824  8.3756958051  9.7858367476  -55.021820854  -25.270283751  
176.7986  -32.471179568  -29.743905238  -38.143240263  -81.669178761  20.9361388  -77.896737024  -43.294215768  -57.493146463  8.8795136736  -25.31518393  -26.557551058  -57.314880184  -56.963566297  37.178453434  -44.706580656  -51.278094769  32.125966347  8.7810119763  -10.908217909  -38.943359521  6.3576867341  6.1941993687  -59.486747458  -31.055877121  
176.4866  -35.961860022  -33.156283058  -43.096088138  -86.387695798  18.396389863  -81.546047271  -46.551321644  -59.813458607  5.9821221962  -24.743029683  -29.060281353  -58.958858471  -62.762990288  36.494418039  -44.971855541  -51.935257813  30.416285868  8.3449745184  -16.031118575  -46.431944831  4.1950424546  2.3514124192  -63.908296527  -36.995164107  
176.1756  -39.482772482  -36.687064986  -47.910911407  -91.008810178  15.770351635  -85.114946343  -49.775917247  -62.048229719  2.7750213787  -24.194120298  -31.505665547  -60.498020727  -68.549688738  35.698079912  -45.170623807  -52.419119448  28.682342532  7.9203880356  -21.188107073  -53.937975915  1.8971285892  -1.7253819948  -68.24645469  -43.049313231  
175.8658  -43.012976687  -40.308186876  -52.542428422  -95.489456118  13.079579466  -88.585013488  -52.947085489  -64.176156833  -0.73345648511  -23.680624796  -33.878484551  -61.913281954  -74.272799631  34.776711474  -45.291591781  -52.717028156  26.940457046  7.5101482525  -26.348600267  -61.387583908  -0.52408783234  -6.0161637779  -72.458739273  -49.175856888  
175.5571  -46.530055676  -43.988147412  -56.946376057  -99.783763649  10.346558833  -91.937671099  -56.042726079  -66.17493373  -4.5303484887  -23.213351514  -36.16356118  -63.185409603  -79.878581901  33.717049689  -45.32195158  -52.8169078  25.205789582  7.1160290896  -31.480682434  -68.704330409  -3.0540839974  -10.49812531  -76.500583775  -55.329033068  
175.2494  -50.010327974  -47.692252754  -61.080284848  -103.84349538  7.5943920822  -95.154261954  -59.039744241  -68.021422307  -8.5978131881  -22.801332177  -38.346045472  -64.295276143  -85.311027778  32.505438561  -45.247534146  -52.707389288  23.491958225  6.7385489797  -36.551279321  -75.810332482  -5.6758960603  -15.145798161  -80.325792425  -61.460198357  
174.9428  -53.429083823  -51.382931938  -64.904261278  -107.61858193  4.8464632891  -98.216131324  -61.914284109  -69.691863718  -12.91295383  -22.451424351  -40.41171312  -65.224122391  -90.512578874  31.127995515  -45.053020395  -52.377951685  21.810675781  6.3768601252  -41.526372169  -82.627477084  -8.3703046009  -19.931216818  -83.887061027  -67.518308617  
174.6373  -56.760841388  -55.02012173  -68.38175956  -111.0577518  2.1260867573  -101.10471451  -64.64200504  -71.162129543  -17.447724882  -22.167945715  -42.347268911  -65.953826704  -95.424938117  29.570802551  -44.722208663  -51.819073458  20.171413719  6.0286653464  -46.371254001  -89.078702294  -11.116090193  -24.824119764  -87.136559552  -73.450462302  
174.3328  -59.979618603  -58.561718277  -71.480324308  -114.1092486  -0.5438546901  -103.80163023  -67.198397597  -72.408012065  -22.16893297  -21.95235374  -44.140646386  -66.467174867  -99.989966098  27.820122469  -44.238334753  -51.022394109  18.581101886  5.6901668492  -51.050829097  -95.0893196  -13.890356192  -29.792187702  -90.026570114  -79.202499922  
174.0295  -63.059216117  -61.96409153  -74.172285113  -116.7216248  -3.1412749029  -106.28878008  -69.559134524  -73.405551411  -27.038341812  -21.802984148  -45.781294513  -66.748125309  -104.15064686  25.862639728  -43.584438973  -49.980885904  17.043872417  5.3560507568  -55.52995505  -100.58834895  -16.66891351  -34.80131811  -92.510172154  -84.719651839  
173.7271  -65.973506762  -65.182656989  -76.435384115  -118.84459889  -5.6452459407  -108.54845418  -71.700450658  -74.13139596  -32.012888775  -21.714860774  -47.260442079  -66.782064266  -107.85210488  23.68572463  -42.743772715  -48.689034701  15.560855738  5.0195106112  -59.773825121  -105.50983647  -19.426719871  -39.815934665  -94.541964908  -89.947225346  
173.4258  -68.696727037  -68.172497952  -78.253318333  -120.42995938  -8.0363485264  -110.56344284  -73.599544484  -74.563191009  -37.045018287  -21.679588248  -48.571330643  -66.556045568  -111.04265182  21.277718538  -41.700235445  -47.143028088  14.130035936  4.6723122395  -63.7483868  -109.79412362  -22.138363864  -44.799329264  -96.078815555  -94.831320873  
173.1256  -71.203766327  -70.88903009  -79.616179808  -121.43249701  -10.297003873  -112.31715383  -75.234992935  -74.67998933  -42.083134547  -21.685337182  -49.709407455  -66.059010019  -113.67483937  18.62823671  -40.438831479  -45.340948143  12.74617189  4.3049014315  -67.420790707  -113.3890366  -24.77858219  -49.714033655  -97.080619971  -99.319566252  
172.8264  -73.470449864  -73.288698895  -80.520778391  -121.81094435  -12.411779389  -113.79373484  -76.587170166  -74.462675965  -47.072172888  -21.716929339  -50.672470547  -65.281979666  -115.7064922  15.728484254  -38.946134699  -43.282965191  11.40078947  3.9065547818  -70.759862217  -116.25096533  -27.322796844  -54.522216824  -97.511061721  -103.36185721  
172.5282  -75.473811869  -75.329699334  -80.97083444  -121.52890065  -14.367661025  -114.97820027  -77.638660389  -73.894398423  -51.954285781  -21.756027669  -51.460759366  -64.218222789  -117.10169389  12.5715795  -37.210748479  -40.971527994  10.082248879  3.4655728467  -73.736586587  -118.3458032  -29.747657721  -59.186103485  -97.338353976  -106.91109172  
172.2311  -77.192355773  -76.97270596  -80.977031531  -120.55571881  -16.154285435  -115.85656143  -78.374654471  -72.960992478  -56.669635992  -21.78143304  -52.076985748  -62.863386085  -117.83169831  9.1528780698  -35.223747547  -38.411544927  8.7758897528  2.9695134895  -76.324596951  -119.64972154  -32.031575283  -63.668408255  -96.535948357  -109.9238856  
171.9349  -78.606298927  -78.18160082  -80.556922645  -118.86733144  -17.76412578  -116.41595896  -78.783319938  -71.651392999  -61.157285861  -21.769486239  -52.526301703  -61.215591214  -117.87573921  5.4702898623  -32.979088423  -35.610549876  7.4642550174  2.4054619602  -78.500653437  -120.14975592  -34.15522758  -67.932779336  -95.083194453  -112.36125649  
171.6398  -79.697799736  -78.924185711  -79.73468694  -116.4469932  -19.192625786  -116.64479614  -78.856134202  -69.95801878  -65.356168199  -21.694570318  -52.816202377  -59.275493753  -117.22171192  1.5245804299  -30.473975375  -32.578845975  6.1273927803  1.7603329392  -80.245100867  -119.84418618  -36.102026099  -71.94424491  -92.965933901  -114.18926382  
171.3457  -80.451165673  -79.172864837  -78.540738136  -113.28591834  -20.438277689  -116.53287171  -78.588171385  -67.877120148  -69.206121077  -21.529704772  -52.956364541  -57.046303447  -115.86670352  -2.6803524498  -27.709169586  -29.32961986  4.7432336524  1.0211985035  -81.542292122  -118.74269663  -37.85852558  -75.669654932  -90.177013486  -115.37959248  
171.0526  -80.853041069  -78.905283578  -77.011189583  -109.38379389  -21.502640799  -116.07151031  -77.978333873  -65.409078303  -72.648965817  -21.247219577  -52.958423087  -54.533765599  -113.81735069  -7.1372364941  -24.689230424  -25.879018913  3.2880389932  0.17563480617  -82.380964279  -116.86630871  -39.41476416  -79.078110626  -86.716702744  -115.91006874  
170.7605  -80.892573979  -78.104909113  -75.18718512  -104.74915213  -22.390298748  -115.25368902  -77.029520841  -62.55864588  -75.62960501  -20.819493708  -52.835690056  -51.746104375  -111.09000846  -11.835226466  -21.422679294  -22.246184125  1.736913616  -0.78792075056  -82.754555145  -114.24708415  -40.764521941  -82.141373784  -82.593003011  -115.76509791  
170.4694  -80.56156175  -76.761538891  -73.114108759  -99.399588734  -23.108754832  -114.07415789  -75.74872729  -59.335119087  -78.097115475  -20.219739825  -52.602822767  -48.693929721  -107.71071764  -16.75975877  -17.922078512  -18.453231575  0.064374570932  -1.8798108844  -82.661448756  -110.92760256  -41.905488185  -84.834247975  -77.821836758  -114.93601424  
170.1793  -79.85457508  -74.871723565  -70.840689823  -93.361817034  -23.668266321  -112.52955254  -74.147068669  -55.752433028  -80.00580977  -19.422814188  -52.275449444  -45.390110465  -103.71496408  -21.89246763  -14.204019885  -14.525176354  -1.7550342157  -3.1088079426  -82.105139805  -106.96022376  -42.83932994  -87.134923946  -72.427108299  -113.42133505  
169.8902  -78.769060477  -72.439091973  -68.418023479  -86.671552863  -24.081620133  -110.61849681  -72.23972786  -51.82917339  -81.316239339  -18.406028904  -51.869762372  -41.849616988  -99.147228334  -27.211170364  -10.28902022  -10.489793815  -3.7460933732  -4.4817814318  -81.094308798  -102.40615055  -43.571657706  -89.025281912  -66.440629602  -111.22691242  
169.6021  -77.305421028  -69.474567039  -65.898529284  -79.37322876  -24.363853696  -108.34169327  -70.045823124  -47.588499543  -81.996112617  -17.149942304  -51.402089962  -38.089337536  -94.060330629  -32.689927852  -6.2013236172  -6.3774144995  -5.9322390197  -6.0033934199  -79.642801892  -97.334313347  -44.111886833  -90.49114406  -59.901907803  -108.36597778  
169.3149  -75.467075215  -65.996463145  -63.334872522  -71.519540797  -24.531926332  -105.70199953  -67.588197495  -43.057976214  -82.021102498  -15.639102659  -50.888460063  -34.127872826  -88.514581567  -38.299184588  -1.9686131426  -2.2206507943  -8.3348878799  -7.6758313  -77.769511858  -91.820102537  -44.472996525  -91.522471405  -52.857794117  -104.85907628  
169.0287  -73.260493393  -62.03045752  -60.778874496  -63.170835641  -24.604347762  -102.70448829  -64.89313203  -38.269313257  -81.375519448  -13.862720783  -50.344167442  -29.985314049  -82.57675531  -44.00599071  2.3783628067  1.9459446262  -10.972772215  -9.4985867185  -75.498159307  -85.943978749  -44.671191478  -92.113500165  -45.361997058  -100.7338899  
168.7435  -70.695211217  -57.609430517  -58.280438627  -54.39434965  -24.600771626  -99.35648913  -61.989987206  -33.258015434  -80.052829275  -11.815248153  -49.783358536  -25.683009596  -76.318907208  -49.774306151  6.8062415634  6.0862863825  -13.861300778  -11.468288457  -72.856976121  -79.789994097  -44.725474252  -92.262813992  -37.474466115  -96.024950445  
168.4592  -67.783819066  -52.773172229  -55.886519051  -45.263315622  -24.541562867  -95.667610206  -58.910778549  -28.062946662  -78.055997971  -9.4968391783  -49.21864625  -21.243325982  -69.817062883  -55.565384695  11.279564406  10.1632255  -17.011962183  -13.57859574  -69.878295891  -73.444259708  -44.657139349  -91.97334974  -29.260655204  -90.773245237  
168.1759  -64.541926196  -47.567955751  -53.64015747  -35.855956149  -24.447348734  -91.649738153  -55.689694252  -22.72581564  -75.397650167  -6.9136790813  -48.660766861  -16.689408323  -63.14981002  -61.338233255  15.761349589  14.139073258  -20.431786856  -15.820156883  -66.598058933  -66.993395854  -44.489202467  -91.252335847  -20.790678235  -85.025720756  
167.8936  -60.988098109  -42.045980376  -51.579612293  -26.25438529  -24.338563689  -87.317014832  -52.362564008  -17.290592116  -72.100032383  -4.0781623548  -48.118289924  -12.044945504  -56.396827342  -67.050139261  20.213706146  17.976170723  -24.122883017  -18.180636387  -63.055242048  -60.523000999  -44.245780557  -90.111163912  -12.138371879  -78.83469122  
167.6122  -57.143765462  -36.264691103  -49.737601651  -16.543442361  -24.234998869  -82.685789756  -48.966289575  -11.802865242  -68.194777275  -1.0089110061  -47.597390523  -7.3339447078  -49.637387581  -72.657256711  24.598473158  21.637492847  -28.08206099  -20.644811676  -59.291225512  -54.11617497  -43.951439929  -88.565195558  -3.3802830422  -72.257161084  
167.3317  -53.033102752  -30.285983949  -48.140678734  -6.8094829655  -24.155366769  -77.774547449  -45.538248573  -6.3091573388  -63.722470435  2.2693735203  -47.101691323  -2.5805194687  -42.948872324  -78.115239327  28.877868409  25.087274119  -32.300558575  -23.194738627  -55.349111773  -47.852129342  -43.63053077  -86.63350812  5.4053994352  -65.354072184  
167.0522  -48.682875081  -24.175309586  -46.808754278  2.8608470141  -24.116891601  -72.603809358  -42.11568376  -0.85620796608  -58.732026629  5.7262257668  -46.632179704  2.1913053483  -36.405336581  -83.379907422  33.015130071  28.291641302  -36.763878146  -25.809983036  -51.273011839  -41.804915091  -43.30652695  -84.33858414  14.139947859  -58.189487832  
166.7736  -44.122251534  -18.000690653  -45.754776885  12.381828939  -24.13493522  -67.196010405  -38.735090459  4.5097556853  -53.279887707  9.3258948135  -46.18720292  6.9577690011  -30.07615965  -88.407933608  36.97513535  31.219237631  -41.451743769  -28.467913173  -47.107316414  -36.042293693  -43.001389894  -81.705950909  22.745211526  -50.829727526  
166.4959  -39.382584089  -11.831670719  -44.984577486  21.669855856  -24.222667729  -61.575350727  -35.431614918  9.7437453363  -47.429059373  13.027976486  -45.762541728  11.695529016  -24.024816388  -93.157531476  40.724980769  33.841822285  -46.338183885  -31.14404677  -42.89596933  -30.624773339  -42.73497466  -78.76377745  31.144722943  -43.342467069  
166.2192  -34.49715154  -5.7382150532  -44.496879707  30.644560859  -24.390790781  -55.767623644  -32.238476181  14.802718164  -41.248008641  16.788184711  -45.351560441  16.381793194  -18.307799539  -97.589130815  44.234510041  36.134828802  -51.391742113  -33.812444145  -38.681760811  -25.604826909  -42.524495057  -75.542437267  39.264772179  -35.79581968  
165.9433  -29.500868652  0.21041483474  -44.283473342  39.229868592  -24.647320314  -49.800021437  -29.186423568  19.646246691  -34.809447742  20.559242841  -44.945428933  20.994429569  -12.973719201  -101.66602294  47.476777187  38.077866583  -56.575815525  -36.446137835  -34.5056575  -21.026303001  -42.384062897  -72.074045919  47.035427907  -28.257414252  
165.6684  -24.429961652  5.9467896734  -44.329543736  47.354951802  -24.997433953  -43.700920944  -26.303241009  24.237136174  -28.189033469  24.291871696  -44.533409838  25.512055292  -8.0626002998  -105.35496018  50.428434587  39.655150642  -61.849116529  -39.017588053  -30.406185069  -16.924035849  -42.324314211  -68.391982956  54.391484966  -20.793487043  
165.3944  -19.321612162  11.406420055  -44.61414577  54.955077957  -25.443386643  -37.499651528  -23.613308439  28.54197489  -21.46401336  27.935847677  -44.103202147  29.914106257  -3.6053929343  -108.62669471  53.070038069  40.855846299  -67.16625114  -41.499152622  -26.418877626  -13.32365452  -42.352132621  -64.530407986  61.273320155  -13.468002961  
165.1213  -14.213572775  16.52881928  -45.110807461  61.972334262  -25.984496352  -31.226248346  -21.137229118  32.531604487  -14.711851503  31.441101839  -43.641330669  34.180889957  0.37629582542  -111.45644328  55.386263647  41.674317565  -72.478403343  -43.86355973  -22.575806104  -10.241586599  -42.470477137  -60.5237806  67.627640269  -6.3418220766  
164.8491  -9.1437586182  21.258498097  -45.78824502  68.356222888  -26.617199822  -24.911194248  -18.891530201  36.181499651  -8.0088672396  34.758829199  -43.133569473  38.293624705  3.8702466656  -113.82426655  57.36603324  42.110270458  -77.734112203  -46.08437194  -18.905195409  -7.68524673  -42.67831851  -56.406393617  73.408109084  0.52807383934  
164.5778  -4.1498203363  25.545869294  -46.611168685  74.064121696  -27.335176561  -18.585153925  -16.888442195  39.47204882  -1.4289194162  37.842577098  -42.565386455  42.234468723  6.8734537541  -115.71535399  59.002549387  42.16878532  -82.880125761  -48.136430343  -15.431137449  -5.653396089  -42.970685061  -52.211928557  78.57584303  7.0892811598  
164.3074  0.73129496654  29.348041955  -47.541156805  79.061609068  -28.129537476  -12.278704164  -15.13576109  42.388730358  4.9578326663  40.649281911  -41.922395683  45.986542921  9.3917421725  -117.12020795  60.293241559  41.860235317  -87.862313424  -49.996268567  -12.173404328  -4.136655192  -43.338815692  -47.973041521  83.099768516  13.294588526  
164.0379  5.4637873883  32.629487698  -48.537574534  83.322654562  -28.989072885  -6.0220641811  -13.636795079  44.922181487  11.086062987  43.140224949  -41.190804117  49.533951193  11.43919354  -118.03472347  61.239629145  41.200091552  -92.626616763  -51.64248746  -9.1473630659  -3.1181494943  -43.770414719  -43.720986668  86.956837254  19.102494925  
163.7692  10.013444268  35.362564208  -49.55851313  86.829679949  -29.900553127  0.15516995183  -12.390395821  47.068160199  16.896281912  45.281880955  -40.357839696  52.861802006  13.037401428  -118.46016314  61.847108346  40.208618497  -97.120017299  -53.056082671  -6.3639903184  -2.5742650489  -44.250000274  -39.485283406  90.13209928  24.477623433  
163.5014  14.348067831  37.5278848  -50.561726199  89.573497528  -30.849073673  6.2242828283  -11.391072314  48.827403283  22.335687423  47.046635977  -39.412148592  55.956234705  14.214582456  -118.40302941  62.124672078  38.910466681  -101.29149916  -54.220718941  -3.8299827858  -2.4754901051  -44.759335496  -35.293432137  92.618636726  29.391024526  
163.2346  18.437881379  39.114526548  -51.505540274  91.553134659  -31.818435543  12.157685385  -10.629183645  50.205386377  27.358847848  48.413355549  -38.34415065  58.804453506  15.004572321  -117.87483955  62.084573484  37.334172526  -105.09298431  -55.122946633  -1.5479564577  -2.7873179346  -45.277929511  -31.170682062  94.417364488  33.820365254  
162.9685  22.255904947  40.12007347  -52.34971879  92.775554909  -32.791551021  17.92914519  -10.091205121  51.211994535  31.928204515  49.367788891  -37.146343576  61.394771527  15.445738325  -116.89181091  61.741944713  35.511577975  -108.4802187  -55.752357837  0.48327445426  -3.471186322  -45.783593511  -27.139853206  95.53670685  37.750002994  
162.7034  25.778291671  40.550495398  -53.056260709  93.255287305  -33.75086412  23.513998115  -9.7600608109  51.861114048  36.014388035  49.902799985  -35.813548206  63.71666644  15.579841205  -115.4744667  61.114383264  33.477184773  -111.41358849  -56.101681178  2.2683499444  -4.485430012  -46.25303594  -23.221213386  95.992161665  41.170944975  
162.4391  28.98461669  40.419867172  -53.590117709  93.013975769  -34.678775002  28.889338593  -9.6155141642  52.170158196  39.596347254  50.018421776  -34.343089245  65.760848497  15.450879215  -113.64717405  60.221518399  31.267460114  -113.8588475  -56.166816171  3.8149605634  -5.7862238766  -46.662480091  -19.432409545  95.805765829  44.080697187  
162.1756  31.858111332  39.749936739  -53.919816836  92.079861027  -35.55805764  34.034186076  -9.634607276  52.159541031  42.661295138  49.721735185  -32.73490794  67.519340759  15.103946525  -111.4376279  59.084569891  28.920111583  -115.78773914  -55.946809573  5.1334013132  -7.3284965591  -46.988287163  -15.788451577  95.005477514  46.483008619  
161.9131  34.385836513  38.569554337  -54.017978695  90.487207133  -36.372260361  38.929625857  -9.7921385534  51.85211436  45.204480759  49.026579846  -30.991605344  68.985570461  14.584136093  -108.87629514  57.725910767  26.473349995  -117.17849847  -55.443777596  6.2360973078  -9.0667967626  -47.207568145  -12.301745593  93.624491826  48.387518895  
161.6513  36.558790713  36.913978193  -53.861724597  88.275684305  -37.106079544  43.558922891  -10.061167969  51.27258356  47.228801027  47.953108417  -29.118416932  70.154469515  13.935514417  -105.99583385  56.168644743  23.965158778  -118.01622372  -54.662779036  7.1371155563  -10.956097073  -47.298768627  -8.9821725775  91.700507306  49.809319351  
161.3904  38.371949506  34.824074915  -53.432969316  85.48971909  -37.745697656  47.907607819  -10.413538824  50.446917922  48.744269698  46.527200665  -27.123121356  71.022581332  13.200192057  -102.83050255  54.436207759  21.432588022  -118.29310913  -53.611645315  7.8516769109  -12.952523109  -47.242211859  -5.8372074871  89.274960906  50.768439207  
161.1304  39.824235409  32.345434939  -52.718599329  82.177822079  -38.279077933  51.963534901  -10.820404962  49.401770744  49.767364366  44.779757275  -25.015887955  71.58817039  12.417509716  -99.415573935  52.55200158  18.91109019  -118.00853536  -52.300774111  8.3956814886  -15.013998795  -47.020586991  -2.8720731638  86.39224884  51.289269847  
160.8712  40.918418629  29.527424989  -51.710539339  78.391902446  -38.696209325  55.716912074  -11.252752672  48.163923477  50.320274547  42.74589629  -22.809069242  71.851330373  11.623355134  -95.786766466  50.539065728  16.433912882  -117.16901667  -50.742893638  8.7852597673  -17.100801516  -46.6193713  -0.089922937168  83.098949992  51.399941226  
160.6128  41.660951191  26.42220042  -50.405712545  74.186577674  -38.98929678  59.160303807  -11.681907066  46.759766927  50.430075589  40.464077189  -20.51694591  71.814086233  10.849621277  -91.979706052  48.419792311  14.031561974  -115.78800799  -48.952804798  9.0363601261  -19.176023763  -46.027177411  2.5079545301  79.443067476  51.131664996  
160.3552  42.061738692  23.083700561  -48.805902462  69.618485913  -39.152893504  62.28860786  -12.080013517  45.214830827  50.127853821  37.97517885  -18.155432931  71.480485275  10.123811426  -88.029428324  46.21568653  11.731346021  -113.88557852  -46.947108275  9.1643819106  -21.205940568  -45.23601884  4.9219147084  75.473302475  50.518059216  
160.0985  42.13385564  19.566649842  -46.917525961  64.74560758  -39.183973439  65.09900742  -12.420485729  43.553371171  49.44780833  35.321557938  -15.741755983  70.856672275  9.4687920506  -83.969930135  43.94717395  9.5570101558  -111.48796146  -44.743923339  9.1838612223  -23.160284392  -44.241489599  7.1537274734  71.238372717  49.594469341  
